64
64
94
79
40
21
4
50
63
63
4
59
64
40
70
99
99
83
59
64
64
50
64
59
63
75
64
99
21
70
64
99
99
70
63
99
94
2
75
2
40
9
70
64
99
79
64
99
2
64
40
88
75
75
99
99
2
9
70
96
21
99
94
64
72
40
94
49
99
72
70
40
83
2
59
0
21
64
64
79
94
83
96
63
70
63
9
75
96
59
79
2
59
75
94
40
63
2
70
9
2
64
2
63
79
83
0
99
2
94
64
96
70
75
79
40
21
99
99
4
94
72
53
1
53
36
95
47
78
71
11
66
11
47
52
1
52
36
52
1
78
1
45
93
66
1
1
45
95
53
66
1
1
53
95
66
66
71
95
93
1
93
71
66
66
95
1
52
45
45
78
1
47
39
93
71
53
66
66
25
11
45
95
53
66
95
39
45
53
52
53
11
53
52
78
31
31
20
31
31
31
12
20
12
87
31
57
20
87
73
87
31
31
12
12
76
31
20
3
57
30
30
42
31
42
86
31
57
31
54
73
42
57
12
54
82
57
31
31
87
57
31
30
31
73
57
12
76
20
31
12
30
42
86
20
57
38
42
5
5
80
34
67
90
19
43
80
62
7
61
90
43
18
62
41
90
29
62
60
34
14
5
19
67
14
7
41
33
29
41
19
90
5
13
60
43
7
62
80
60
80
91
91
7
91
18
90
13
65
89
29
43
60
65
5
91
19
13
91
90
19
62
34
65
90
65
5
34
29
89
89
89
62
90
89
33
5
89
89
5
19
80
19
91
41
5
43
14
90
19
19
14
14
62
91
61
91
18
67
62
14
62
13
60
33
14
41
67
13
13
91
29
19
91
65
90
65
77
35
26
24
24
16
23
81
35
46
26
26
26
26
24
26
26
74
23
26
81
17
81
23
46
15
74
17
69
92
46
6
23
6
26
6
15
23
35
26
26
23
32
46
69
77
26
46
17
51
48
68
10
28
10
58
10
68
37
58
85
27
68
27
48
27
68
28
37
84
97
10
8
85
51
51
28
51
58
37
8
28
58
58
28
8
51
37
10
28
68
27
10
97
58
28
68
48
10
37
51
68
85
28
48
37
68
68
28
27
51
28
8
51
84
28
68
10
27
68
84
51
28
