1
6
3
1
8
3
49
51
17
79
2
6
2
13
1
3
8
6
2
3
2
44
3
57
6
2
6
18
1
3
6
78
2
35
6
19
17
6
47
1
1
2
3
6
6
6
6
6
13
6
6
6
17
8
6
6
5
71
6
6
22
6
1
7
3
6
3
10
6
13
3
10
6
6
2
6
1
3
5
3
2
6
10
6
42
1
1
6
1
2
6
6
10
1
6
2
6
1
6
2
3
13
51
13
31
13
6
17
6
3
6
17
2
2
6
6
3
2
6
1
10
17
1
2
17
2
6
17
10
6
6
9
1
3
10
6
23
42
10
17
2
1
3
1
3
2
3
1
48
19
6
13
6
1
3
3
2
33
6
2
6
17
6
5
31
6
2
38
6
3
0
1
25
3
1
6
6
1
10
2
13
3
6
2
3
3
37
2
6
3
6
53
59
1
6
6
13
6
3
2
3
17
3
1
2
5
34
2
2
2
6
6
1
6
17
2
6
3
1
17
3
6
18
2
6
6
6
6
6
6
10
23
15
2
2
6
10
17
6
17
1
3
6
6
6
1
6
5
1
6
6
6
13
17
2
1
3
2
6
6
1
2
6
17
17
6
1
1
9
6
3
3
3
6
5
6
1
29
1
2
6
19
1
2
6
6
2
5
10
57
5
6
33
6
70
13
7
8
6
1
23
3
1
6
1
13
6
1
6
9
3
2
17
0
3
2
17
19
29
1
3
1
1
58
3
6
3
6
20
6
6
15
10
6
6
58
23
17
1
6
6
1
17
6
2
13
17
17
6
6
6
30
80
17
6
6
6
6
34
6
6
13
9
2
6
3
2
1
17
1
17
1
6
6
2
6
70
6
6
2
2
13
1
2
20
19
6
6
3
6
6
3
17
1
3
1
40
1
2
6
6
2
6
17
8
28
1
3
3
6
2
10
25
44
2
5
29
2
1
6
21
3
13
8
6
6
3
6
2
1
1
3
23
81
15
17
1
17
8
3
18
6
44
47
6
6
6
79
20
6
47
51
1
6
13
6
88
1
13
2
2
17
17
6
6
6
1
6
6
3
13
6
13
1
3
3
8
42
6
6
3
1
90
3
47
6
2
19
17
42
0
6
13
8
1
6
6
1
6
79
1
17
3
15
6
6
3
6
13
6
6
54
2
47
10
6
2
3
6
2
6
15
6
13
23
6
6
6
25
2
1
17
6
3
6
13
3
6
6
19
13
6
3
2
6
17
13
6
50
17
3
75
17
6
3
2
1
6
6
3
23
2
2
7
6
13
34
6
3
3
17
6
3
6
6
1
57
1
17
3
1
6
6
6
6
17
6
6
6
6
13
3
2
29
25
6
6
2
6
6
17
6
1
1
10
2
3
6
19
6
3
6
13
6
6
17
5
2
17
6
1
6
6
15
1
6
6
5
2
13
3
55
4
5
17
6
6
3
6
23
17
6
6
19
2
3
2
6
25
46
2
23
15
32
3
6
17
6
6
17
44
6
19
1
13
29
6
6
10
13
6
2
39
10
6
3
70
6
6
6
58
1
6
1
6
2
65
3
17
1
8
3
6
29
1
6
2
1
43
3
17
39
57
10
3
19
3
2
6
1
12
1
17
17
2
21
24
1
1
2
1
57
3
17
6
44
1
6
17
72
6
3
17
3
17
3
1
3
5
17
35
3
6
2
70
6
2
23
6
13
3
6
6
3
6
13
3
1
1
17
1
6
6
2
1
3
1
20
8
3
13
20
1
6
17
17
6
1
3
1
6
6
3
20
6
6
3
2
6
6
13
1
17
6
6
6
6
3
15
3
3
1
2
16
44
10
6
58
2
6
51
6
3
17
1
3
5
6
6
3
8
10
1
47
5
17
6
3
6
3
10
29
1
2
6
6
10
6
3
1
1
3
3
13
17
1
17
17
1
3
13
50
2
22
3
6
1
23
80
18
23
2
17
3
2
3
3
17
2
1
2
3
1
6
19
2
6
17
23
6
17
28
13
17
41
3
17
1
59
29
1
1
17
51
6
6
6
2
2
6
1
3
6
1
6
6
6
6
6
2
17
6
2
17
6
10
6
3
31
6
9
0
1
3
6
2
6
17
48
43
3
1
81
6
6
58
6
29
6
6
2
6
6
6
47
3
17
23
2
1
3
1
6
2
13
17
13
1
17
1
1
17
6
3
6
6
1
6
10
6
6
1
10
13
3
17
5
3
3
10
6
6
1
19
2
6
6
13
6
6
1
6
17
3
