72
15
76
62
68
90
49
67
79
59
47
54
83
75
62
49
11
24
53
16
9
44
12
93
54
50
24
29
64
0
6
78
63
35
30
87
80
97
72
33
4
96
48
10
34
8
14
6
89
99
69
2
46
68
50
61
47
39
0
75
32
36
37
56
8
6
60
10
64
93
95
94
75
81
32
3
87
73
80
27
21
21
85
71
90
33
39
0
20
21
24
39
78
44
18
7
19
20
27
52
74
89
67
79
93
93
20
17
73
35
75
69
11
76
92
11
59
41
48
72
27
24
44
37
29
21
14
55
88
68
6
84
72
35
27
15
92
76
10
43
85
33
12
20
16
78
3
45
58
65
64
90
24
67
16
9
11
32
19
47
97
35
13
47
57
14
40
38
71
10
83
44
87
90
27
16
23
5
70
15
89
36
93
9
3
48
37
9
22
10
22
53
79
81
8
14
33
99
60
63
73
77
15
80
32
86
34
65
83
40
14
42
72
19
69
50
64
38
72
84
10
32
75
68
15
56
64
81
37
4
63
92
25
66
76
5
68
46
14
77
56
23
42
13
47
45
6
94
47
13
28
51
93
55
40
56
10
48
55
7
28
76
49
29
46
10
37
39
59
37
19
0
89
28
49
51
76
90
52
21
66
43
4
40
69
33
15
7
94
86
26
97
38
6
50
58
65
11
49
25
98
25
70
28
91
87
28
62
51
21
94
88
79
72
19
47
46
85
29
88
73
80
30
84
38
18
9
51
29
96
13
40
85
41
6
84
24
58
15
45
8
71
28
69
91
75
98
28
51
11
30
30
80
55
27
81
11
97
65
77
29
19
84
4
11
9
95
39
86
70
46
97
27
89
2
82
70
15
58
52
34
60
62
15
54
65
81
61
31
13
53
54
58
25
42
71
40
44
21
6
17
80
5
90
31
56
70
73
50
14
21
94
53
44
32
26
67
33
26
20
32
19
30
37
57
18
3
19
52
62
34
65
24
92
15
86
20
53
68
95
29
98
74
82
59
64
6
79
54
99
86
58
26
68
37
6
72
54
96
45
91
98
55
6
85
17
47
77
73
38
82
64
96
91
60
9
27
90
14
17
26
21
90
19
52
39
9
89
59
90
21
13
65
27
56
30
47
47
68
59
80
82
40
80
0
93
16
18
13
29
52
86
83
76
94
41
10
73
16
85
29
27
13
75
45
0
4
13
53
83
39
77
6
32
51
42
38
74
0
85
84
14
25
99
24
86
9
23
79
29
3
96
93
55
25
2
78
24
92
19
92
59
33
14
30
42
62
18
0
74
28
4
25
28
7
33
93
33
32
70
93
26
81
8
14
70
98
7
5
13
84
95
53
90
95
60
51
40
29
51
26
6
1
52
12
83
12
32
89
11
73
13
34
69
63
69
67
85
45
13
38
75
17
35
37
23
31
20
56
34
73
58
4
7
36
6
92
95
24
23
98
64
65
65
27
15
85
5
95
46
50
44
80
32
73
7
46
14
7
93
46
43
40
48
75
67
5
13
27
58
28
52
39
68
23
19
72
69
19
99
58
79
65
64
15
7
34
31
60
54
44
84
54
67
31
5
40
44
43
50
59
71
93
15
25
89
16
11
92
52
82
25
19
67
4
32
24
20
4
21
67
93
12
16
99
44
22
86
57
72
14
91
58
60
18
59
57
41
20
77
45
42
18
42
72
86
59
35
64
34
15
22
17
40
5
84
30
9
34
53
52
84
37
94
70
3
80
20
68
59
36
54
89
78
55
22
22
18
2
99
12
54
38
20
69
5
15
50
69
29
41
56
55
27
7
35
43
16
88
68
1
20
4
26
74
47
11
58
85
2
67
57
2
35
11
25
7
45
23
42
11
75
20
95
82
58
13
74
14
65
94
20
9
15
99
69
10
8
36
56
1
84
15
49
36
52
53
46
80
12
65
79
76
46
39
60
41
74
80
61
35
21
59
79
76
3
43
18
53
48
9
1
86
77
48
40
30
43
98
11
26
4
34
46
87
60
61
70
59
90
1
47
25
67
64
54
35
11
52
69
56
60
89
39
14
18
78
23
97
21
61
16
26
35
64
47
42
85
38
92
50
95
83
63
28
32
24
86
78
90
73
78
92
46
58
58
77
29
17
5
8
81
17
48
66
59
36
77
32
59
50
82
97
39
96
98
76
64
86
64
56
35
57
50
73
86
70
68
51
37
22
75
47
93
10
82
7
16
50
94
55
33
18
40
7
23
98
96
13
6
62
6
86
73
