1
6
3
1
8
3
49
51
17
79
2
6
2
13
1
3
8
6
2
3
13
44
3
57
6
2
6
18
1
3
6
78
2
35
6
19
17
6
47
1
1
2
3
6
13
6
6
6
13
6
6
6
16
8
3
17
5
71
6
6
22
1
1
7
3
6
3
10
1
13
3
10
1
6
2
3
1
3
5
3
2
6
10
6
42
1
1
6
1
2
6
6
10
1
6
2
3
20
6
47
3
13
51
13
31
93
6
17
6
3
6
6
2
1
6
6
3
2
6
1
10
17
1
2
17
2
14
17
10
6
6
9
1
15
10
6
23
42
10
17
2
1
3
1
3
2
3
1
48
19
6
29
6
1
3
3
11
33
6
1
6
17
6
5
31
6
2
38
1
3
0
1
25
6
1
6
6
1
10
3
13
3
13
1
3
3
37
3
6
3
6
53
59
1
6
6
13
1
3
2
3
17
3
1
2
5
34
2
2
2
3
3
1
6
6
2
6
3
1
13
3
6
18
10
6
6
6
6
6
6
10
23
15
10
2
5
3
44
6
17
1
3
13
13
6
1
6
13
1
6
6
6
13
17
3
1
6
2
6
6
1
3
6
18
17
6
1
1
9
6
3
3
3
6
13
51
1
29
1
2
6
19
1
2
6
6
2
5
6
57
1
6
33
6
70
13
7
8
6
1
23
3
1
6
1
13
6
1
3
9
10
15
17
88
3
3
1
19
29
1
3
1
1
58
3
6
3
10
20
6
6
15
10
6
6
58
23
58
3
6
6
1
17
6
2
13
17
17
10
6
3
30
32
17
6
6
6
6
34
6
17
13
9
1
6
3
3
1
17
1
17
1
6
13
3
17
70
15
6
2
2
13
1
10
20
19
6
6
3
13
17
6
17
1
3
1
40
1
2
6
6
32
6
17
8
28
1
3
3
5
2
10
25
44
6
5
29
3
5
13
21
3
30
8
6
1
3
3
2
1
1
3
23
81
15
17
1
17
8
3
18
17
44
47
17
6
6
79
20
6
47
51
1
6
13
6
88
1
43
1
2
17
17
6
3
6
1
6
6
3
13
6
13
39
3
3
8
42
6
17
3
1
42
3
47
6
2
19
17
42
0
13
13
10
1
13
10
5
6
79
1
17
19
15
0
6
3
6
13
6
11
20
2
47
10
6
2
3
17
2
6
3
6
13
23
6
2
13
1
2
1
17
6
15
6
13
3
6
6
19
13
6
1
9
6
17
13
6
50
17
3
43
13
17
3
2
51
3
6
3
6
2
1
19
6
13
34
18
3
10
17
2
3
6
2
1
57
1
17
3
1
1
6
13
6
17
6
6
6
6
13
3
2
29
25
3
6
2
6
1
17
6
1
1
10
2
12
6
19
6
3
6
13
6
6
1
5
2
17
6
1
10
6
15
1
3
6
5
2
34
3
55
4
5
17
6
6
3
6
23
17
6
6
19
2
3
2
6
25
46
2
1
15
32
3
6
17
6
6
17
44
6
19
1
13
29
5
13
10
13
6
2
39
10
17
3
70
6
6
6
58
17
6
1
6
3
65
3
17
1
8
3
6
29
1
6
2
1
43
3
17
39
57
3
3
19
15
2
6
1
12
1
17
17
2
32
24
1
1
2
1
57
3
17
6
44
16
6
17
72
6
3
58
3
17
3
1
3
5
17
35
3
6
13
70
17
2
17
6
13
6
6
6
19
6
13
3
1
1
17
1
6
6
10
1
3
62
20
8
3
36
20
19
6
55
17
6
1
3
1
1
6
3
20
6
1
3
2
6
6
13
1
6
6
6
6
17
3
15
10
3
1
2
16
44
10
6
58
2
3
51
6
3
17
1
3
5
6
6
13
8
10
1
47
5
17
6
3
7
3
10
29
3
2
6
6
10
6
3
1
1
3
10
13
36
1
17
17
1
3
13
50
2
19
3
6
1
23
80
18
23
2
17
3
2
3
19
17
2
1
2
3
1
6
19
2
6
17
23
6
17
28
19
17
41
3
17
10
59
29
1
1
25
51
6
6
6
2
2
6
1
3
13
1
3
6
6
6
6
2
17
17
2
17
6
10
6
3
31
6
1
0
1
3
6
21
6
17
51
43
3
1
81
17
6
58
6
29
6
6
2
6
6
1
47
3
36
23
21
1
3
82
6
2
75
17
13
1
17
1
1
6
13
3
6
17
47
6
1
8
6
1
10
13
10
17
5
3
3
94
17
6
1
19
2
6
17
13
6
6
1
6
17
3
