1
1
1
1
3
17
6
1
5
13
17
6
13
3
1
2
2
3
13
6
3
6
6
6
1
1
13
13
10
17
17
13
6
6
6
10
6
3
13
10
1
1
13
13
1
6
17
17
10
3
6
1
6
10
15
1
3
6
6
17
1
6
3
3
17
13
1
1
13
17
1
9
1
13
2
13
6
15
6
1
5
3
3
17
23
13
1
1
13
3
6
3
17
6
13
13
3
17
6
13
5
13
1
2
18
1
17
1
6
1
1
2
13
3
6
2
1
2
17
29
13
17
1
1
1
13
1
1
6
1
6
17
1
3
3
1
3
1
17
3
1
2
6
1
6
7
6
1
1
3
1
2
3
6
1
3
6
10
10
6
6
3
10
10
1
3
1
17
1
1
18
1
3
6
1
3
1
17
15
17
13
3
13
18
1
6
3
1
6
3
6
3
1
13
17
13
22
5
18
2
6
13
10
1
1
1
1
1
17
1
6
17
13
17
13
1
3
3
3
17
15
17
13
1
2
13
6
1
3
6
1
13
17
5
6
3
6
13
1
3
1
17
2
3
6
15
6
10
6
6
3
1
1
13
5
1
6
1
18
6
17
13
1
1
3
6
17
1
2
3
1
17
3
1
6
1
17
6
13
17
13
3
6
5
17
10
3
1
1
3
13
15
2
1
1
13
13
10
3
6
1
1
6
6
1
13
17
1
6
13
13
1
13
6
1
6
1
13
3
1
6
10
6
17
1
3
1
1
1
13
3
6
2
13
6
1
1
1
1
3
3
6
6
3
3
10
1
6
2
13
6
13
3
13
6
13
1
13
1
6
1
3
1
1
2
6
1
1
13
1
3
6
17
6
6
1
6
6
1
3
6
17
3
6
2
3
1
5
22
3
1
6
6
13
6
17
5
1
3
6
17
6
3
6
1
6
6
1
13
1
1
1
6
3
1
1
3
1
6
6
1
1
6
13
1
10
13
3
15
6
2
1
6
84
10
1
13
17
13
3
10
1
1
6
13
6
6
13
17
13
6
1
1
6
17
1
17
5
6
3
13
6
15
1
13
6
13
3
17
3
3
13
6
1
1
13
6
1
3
6
6
1
1
1
2
3
58
13
1
17
10
17
17
17
1
6
18
13
15
13
