1
6
3
1
8
19
49
51
79
79
47
6
2
13
1
1
2
6
2
3
13
44
3
57
6
2
6
19
1
3
3
78
2
35
6
19
17
6
47
1
1
96
3
6
13
6
6
6
13
6
6
6
16
3
3
17
5
71
3
6
22
13
3
7
3
6
3
6
1
13
3
10
1
6
19
3
1
3
5
25
2
10
10
6
5
1
39
6
1
9
6
6
10
1
6
7
3
20
6
47
3
13
51
30
31
54
13
17
6
3
18
17
53
1
6
6
3
19
6
1
6
17
1
2
17
2
19
17
10
6
6
9
1
35
10
3
92
42
16
29
6
1
3
1
3
11
3
6
48
19
10
29
6
1
6
3
53
33
6
1
6
13
13
5
35
13
2
38
39
3
0
1
25
6
10
6
6
1
10
15
13
3
13
1
3
3
37
3
6
6
17
53
59
1
6
3
13
1
3
2
8
17
3
62
17
47
41
2
83
2
3
3
1
6
6
2
6
3
1
13
3
6
18
10
6
6
6
7
6
6
10
23
15
47
76
6
3
18
6
17
1
17
13
17
6
45
97
13
1
13
6
6
13
17
3
1
6
2
55
6
1
3
13
29
17
6
1
1
59
6
3
3
3
6
17
67
1
90
1
2
17
18
1
2
6
13
41
48
70
86
1
6
33
6
70
13
7
13
6
1
3
1
72
6
1
13
6
1
3
9
10
6
79
88
3
10
1
19
29
1
3
1
1
58
3
6
13
10
29
6
6
15
10
1
6
58
23
84
3
6
6
1
17
10
2
13
17
17
10
6
3
8
32
17
6
6
6
6
34
6
17
13
9
1
6
3
3
1
17
1
17
1
6
13
3
17
70
35
6
2
2
13
1
10
20
19
6
18
1
13
17
1
17
12
3
1
40
1
21
6
6
32
6
29
8
28
72
3
3
5
2
10
25
44
13
13
67
17
5
13
21
3
30
13
6
1
3
6
10
1
1
3
23
81
17
17
1
17
8
16
18
17
44
82
17
6
6
79
54
6
47
51
1
6
13
6
88
31
43
6
91
17
17
6
6
6
1
6
6
3
13
6
13
91
3
3
8
42
6
17
3
9
42
3
47
6
20
19
13
42
0
13
13
10
1
13
6
13
6
79
62
86
40
15
0
6
3
6
13
18
11
20
2
47
10
13
2
3
17
19
17
25
13
13
23
6
2
13
1
2
1
17
6
15
10
13
3
6
6
19
13
6
1
9
18
86
13
3
50
17
6
96
13
6
3
2
51
3
6
3
7
53
1
19
30
13
34
18
3
10
17
2
6
6
2
1
57
1
17
3
25
1
6
13
19
17
6
6
6
6
13
3
17
29
25
3
69
2
6
1
17
6
1
1
6
2
12
6
19
6
3
13
5
6
6
51
17
2
17
13
25
10
6
15
3
3
6
5
2
32
1
55
4
2
36
6
6
36
6
35
17
6
6
65
2
3
2
6
25
46
76
1
29
21
3
6
17
6
6
36
44
6
48
1
13
29
13
13
10
84
6
3
39
10
17
3
70
6
22
6
58
17
6
18
6
3
65
3
17
1
8
3
6
29
1
6
2
44
19
3
17
39
57
3
3
19
16
2
6
52
12
25
17
17
5
32
24
1
1
2
1
57
3
17
6
44
44
6
18
72
6
3
84
3
18
3
31
13
5
17
35
3
6
5
72
46
2
35
6
13
6
6
17
19
6
13
3
1
1
17
1
13
6
70
1
1
62
59
8
9
93
20
19
6
55
17
6
1
3
1
1
6
3
20
6
13
3
15
6
6
13
1
6
6
6
6
17
3
15
10
1
1
2
16
74
10
6
58
2
3
67
13
3
17
1
3
13
6
6
13
8
13
1
47
47
17
6
3
6
19
94
20
1
3
6
6
2
6
3
1
1
3
10
13
36
1
17
17
62
3
1
50
76
22
23
6
1
44
80
18
23
2
79
3
2
3
19
18
17
1
2
1
20
6
48
2
6
17
23
6
17
28
19
17
41
3
17
10
59
29
1
1
25
51
6
6
17
2
2
6
1
3
13
1
3
6
11
17
97
2
17
17
2
17
4
10
6
3
31
6
1
0
1
2
6
32
6
17
48
90
3
1
81
17
6
58
6
29
6
6
6
6
1
17
47
3
36
23
32
1
3
82
6
2
75
17
5
1
86
1
1
13
13
50
3
17
47
6
1
8
6
1
10
13
10
18
5
3
3
94
17
13
1
19
9
6
17
13
13
6
1
6
17
3
