99
81
2
41
27
90
49
37
59
79
76
54
83
33
62
49
78
24
85
3
49
46
10
93
8
50
23
75
64
95
64
78
76
54
27
61
29
30
70
1
4
83
61
10
13
11
14
64
84
69
48
5
16
97
49
17
26
39
26
64
80
28
33
56
42
17
25
27
64
93
4
73
34
16
85
15
45
73
80
27
63
21
86
37
90
49
39
4
62
59
30
4
68
25
69
49
6
82
27
47
74
84
52
49
57
93
5
86
30
35
18
58
53
47
92
11
38
65
48
48
27
98
37
68
77
21
14
53
27
68
6
58
26
35
78
25
92
76
26
60
7
49
87
62
15
78
3
30
48
22
97
20
28
51
10
33
36
89
19
52
97
36
13
76
57
7
85
38
39
15
96
46
95
42
78
10
6
1
70
25
93
25
57
21
3
91
37
9
17
10
29
53
79
81
5
39
89
99
87
49
73
66
3
62
32
82
32
49
96
91
14
43
66
41
17
85
81
60
52
84
3
29
75
68
15
56
64
81
37
64
63
92
81
47
76
5
68
46
30
69
39
17
13
17
5
45
64
75
82
13
97
97
93
55
19
28
2
91
55
75
56
76
7
29
46
2
37
12
59
42
19
0
19
17
13
67
76
43
76
91
66
43
1
53
48
89
91
7
94
86
10
97
33
6
70
43
7
37
99
1
39
31
72
99
39
41
6
62
48
21
68
88
79
88
40
47
58
65
43
88
63
41
42
69
73
18
41
97
90
96
6
40
74
19
15
69
74
58
15
11
4
71
28
97
39
89
77
46
44
3
35
73
80
17
97
28
11
97
65
44
43
34
9
4
97
30
95
87
82
72
55
97
68
89
4
82
70
15
58
63
33
42
12
15
54
89
92
19
29
29
69
20
55
12
47
71
88
74
21
17
17
80
6
90
64
56
72
73
50
26
59
47
87
44
32
5
29
33
72
13
21
19
42
37
57
44
3
17
78
62
41
19
24
81
15
82
1
53
68
95
43
60
74
12
20
18
6
79
54
8
86
58
18
68
37
6
72
54
96
78
63
46
55
6
19
17
47
71
8
10
20
17
90
91
60
34
68
90
65
17
24
21
90
3
66
71
41
75
79
90
95
13
65
27
1
13
27
82
28
79
62
82
65
81
88
54
53
18
13
75
78
93
76
95
70
89
15
38
17
91
61
15
13
75
77
81
4
3
66
4
23
77
6
15
97
42
38
24
10
85
84
99
25
49
14
57
20
39
70
75
19
96
93
55
87
52
51
24
11
34
92
59
33
7
71
34
34
18
88
51
46
2
38
23
4
33
57
33
40
70
35
5
81
8
97
94
36
7
6
30
93
95
4
90
95
60
58
40
43
58
66
14
64
52
42
4
87
15
89
11
30
20
42
22
88
58
67
63
25
89
38
94
6
88
97
23
31
54
99
34
3
55
83
48
93
6
11
95
39
35
46
6
7
65
47
2
15
5
95
46
50
74
80
21
30
20
29
54
28
57
46
75
48
19
13
90
5
13
68
58
39
21
71
68
43
34
72
15
13
54
58
59
7
28
16
7
34
31
98
31
67
84
30
67
31
5
40
44
43
70
79
39
57
15
60
41
16
11
6
78
12
53
61
18
47
21
74
71
64
21
20
57
82
55
6
44
26
54
57
72
56
91
58
23
69
59
57
19
20
17
45
42
11
42
72
69
59
77
81
93
21
22
22
22
5
84
42
52
62
53
52
49
39
52
47
31
80
79
68
59
36
54
89
78
55
55
22
38
2
49
47
81
3
82
58
33
3
70
69
29
41
88
55
27
39
28
61
24
87
27
1
37
52
26
74
70
11
58
63
19
67
57
5
98
78
0
20
11
23
42
78
96
64
70
47
55
13
74
14
18
94
82
41
76
24
18
10
30
25
99
62
84
27
49
36
70
16
86
34
12
49
79
76
58
42
64
87
24
80
61
35
78
59
38
76
89
14
61
4
18
52
72
82
92
48
15
73
36
77
11
55
28
41
46
87
21
46
47
59
80
1
52
36
37
64
54
35
78
52
69
56
73
41
45
91
6
11
23
97
91
29
66
26
55
4
47
42
8
38
92
59
95
64
63
69
32
74
86
51
90
30
78
92
44
97
58
24
80
17
6
68
81
17
48
66
59
36
98
32
59
79
82
97
39
96
86
42
64
86
81
99
57
57
79
54
17
70
11
78
37
22
33
63
93
10
86
48
70
15
70
44
89
18
89
56
60
17
96
13
3
62
23
17
89
