72
44
31
79
15
95
4
79
96
63
1
59
96
36
70
49
99
28
59
81
71
50
44
59
21
82
57
82
80
2
80
94
37
70
0
99
63
33
56
83
32
99
70
81
9
79
32
53
40
72
35
0
75
75
50
61
76
49
57
96
0
93
64
64
0
32
16
71
82
72
86
83
83
63
45
15
21
80
32
56
70
88
60
53
70
96
50
60
75
46
79
66
43
36
47
33
69
40
76
9
7
64
2
81
59
2
63
41
59
72
64
53
95
67
79
21
15
1
13
4
61
15
66
56
83
45
95
34
53
1
63
61
11
70
86
88
11
36
97
48
78
47
71
93
39
95
95
57
45
57
88
71
1
53
47
47
73
72
1
13
56
61
71
53
0
95
64
52
57
25
6
4
16
18
57
71
39
53
6
4
78
25
47
82
36
47
39
1
16
78
53
92
53
36
78
44
38
20
31
38
81
12
86
85
93
38
86
9
33
73
39
31
25
82
1
47
12
20
83
25
30
30
73
66
90
82
45
57
38
81
59
42
98
76
54
68
23
57
27
8
37
31
36
9
30
35
12
82
82
71
64
30
42
82
59
13
60
79
71
14
80
93
45
49
83
89
34
37
34
61
67
90
18
20
41
42
67
84
60
34
18
63
19
48
27
99
41
4
29
41
61
90
5
18
43
48
4
42
80
60
65
36
39
42
91
22
40
34
59
42
67
89
57
65
4
48
19
13
83
61
48
71
80
34
29
65
47
34
18
33
69
42
62
18
43
62
34
41
42
5
1
80
91
83
41
5
89
14
80
19
19
14
75
28
91
28
48
75
20
99
18
82
42
60
76
14
89
20
73
13
85
90
42
91
65
90
65
69
53
0
24
66
94
24
81
35
17
26
22
6
98
74
26
18
97
77
28
81
56
81
3
46
32
16
11
69
35
46
77
23
69
72
30
15
77
3
35
70
23
80
52
77
92
22
57
28
48
6
55
10
56
68
51
85
10
50
58
74
24
78
10
45
98
26
55
1
84
78
94
52
85
97
44
98
51
97
35
73
56
58
51
61
54
84
86
68
98
84
39
68
77
92
93
27
37
85
27
51
6
10
37
48
92
77
68
69
26
74
56
37
74
93
55
58
74
84
94
97
44
55
