1
1
1
1
3
17
6
1
6
6
3
6
13
1
1
2
2
3
13
6
3
6
6
6
1
1
6
6
6
17
6
13
6
6
6
6
6
3
3
10
1
1
1
17
1
6
6
13
10
3
6
1
6
10
6
1
3
5
6
17
1
6
3
3
17
13
1
1
13
17
1
3
1
13
2
13
6
6
6
1
5
3
3
17
1
13
1
1
3
3
6
3
17
6
13
13
2
17
6
13
5
17
1
2
18
1
17
1
6
3
6
2
17
3
6
2
13
2
6
18
13
17
1
1
1
13
1
1
3
1
6
17
3
3
2
5
3
5
6
3
1
2
6
1
6
6
6
2
1
2
1
2
3
6
1
3
6
10
10
6
6
3
10
6
1
6
6
17
1
1
18
3
6
6
1
3
1
17
15
6
13
3
13
6
1
6
3
1
6
6
6
6
1
13
13
6
17
5
6
2
6
13
1
1
1
1
1
1
17
1
6
17
13
17
2
1
3
3
3
1
6
17
13
1
2
13
6
6
6
6
6
8
17
5
3
3
6
13
1
3
1
17
3
3
6
6
6
3
6
6
6
1
18
1
5
1
6
1
18
6
17
13
2
1
3
6
17
6
1
3
1
17
6
1
6
1
2
6
13
17
13
3
6
5
17
6
3
1
1
3
13
15
2
1
6
6
2
6
3
6
1
1
6
6
1
13
17
1
6
13
17
1
13
6
1
6
1
13
3
1
6
10
6
17
1
3
1
1
1
1
3
6
2
13
10
1
1
1
1
3
3
6
6
3
3
6
1
10
2
5
6
13
3
5
6
1
1
13
1
6
17
3
1
3
2
6
1
1
13
1
3
6
17
6
6
2
6
6
1
6
6
17
3
6
2
3
1
5
19
3
6
6
6
5
1
6
5
1
3
3
17
6
3
6
1
6
6
1
1
1
1
1
6
3
6
1
3
1
6
6
6
1
6
6
6
5
13
3
15
6
2
1
6
13
10
1
13
17
13
3
6
1
1
2
13
6
6
13
6
13
6
1
6
6
17
1
13
5
6
3
13
6
15
1
13
6
17
3
17
3
3
13
6
6
1
13
6
1
3
6
6
6
1
1
3
3
6
13
1
1
6
2
17
17
1
6
18
13
15
13
