1
0
1
10
16
4
0
6
0
19
16
17
4
7
0
4
2
7
6
7
0
0
3
3
3
9
0
8
6
1
17
7
7
25
4
0
6
4
0
10
1
3
3
7
6
15
9
0
6
35
1
1
7
6
0
4
5
6
1
5
1
0
6
1
1
16
0
16
6
0
6
0
1
1
15
0
3
9
6
9
0
7
4
4
4
1
7
0
0
1
8
3
6
1
3
4
19
3
1
53
3
0
19
6
12
4
1
1
4
0
4
8
1
1
1
25
8
1
7
3
4
1
1
7
0
1
6
0
0
4
4
5
18
1
4
6
7
1
3
26
0
8
4
0
1
6
1
1
1
1
10
1
1
8
1
18
6
4
1
0
3
1
16
0
0
9
0
1
1
1
0
0
7
1
1
0
6
1
7
6
0
6
1
4
6
10
3
25
5
0
6
19
1
4
16
1
0
4
4
0
4
16
3
7
3
3
6
1
4
1
16
1
1
7
0
7
7
0
22
1
4
16
6
0
1
1
6
0
1
26
3
16
7
18
7
7
16
0
5
3
10
0
0
1
4
4
0
4
1
9
0
15
8
1
9
0
1
1
17
7
19
1
4
16
7
6
1
0
0
1
3
7
7
4
3
4
8
1
1
14
0
1
6
0
7
4
0
0
53
10
3
7
4
6
1
25
0
1
3
1
6
10
0
53
0
4
3
1
7
6
14
1
7
30
0
4
4
0
0
1
10
3
16
0
3
1
16
3
4
0
42
4
7
4
0
0
7
7
18
9
27
10
7
0
1
10
1
7
5
6
4
1
25
3
1
0
4
0
7
7
0
0
26
4
0
1
16
1
0
7
0
10
7
3
4
6
1
0
10
4
6
5
7
14
0
0
1
7
16
0
7
4
6
1
10
6
6
1
14
6
12
25
0
8
1
1
7
7
1
6
12
10
70
10
25
16
0
3
0
3
14
3
10
0
0
16
26
0
6
0
3
6
6
0
8
7
4
16
3
4
17
0
4
0
3
4
10
1
0
3
1
4
6
4
1
1
27
0
0
30
17
0
15
7
0
17
7
0
0
0
4
0
1
19
4
0
28
14
4
4
0
4
1
15
4
0
0
7
7
19
7
6
42
1
6
0
7
1
4
4
10
0
7
1
0
6
17
18
3
0
7
6
1
6
7
7
4
0
7
3
7
1
0
0
0
1
27
3
0
4
4
7
42
27
7
26
1
17
0
1
6
10
0
1
0
1
0
1
6
0
10
10
8
7
6
4
10
1
10
25
12
0
7
1
1
0
1
0
4
10
1
10
10
1
6
3
1
3
1
14
4
0
1
5
3
10
0
0
7
19
1
44
6
1
4
0
4
12
0
0
4
14
0
1
1
4
4
7
7
5
1
4
7
0
0
0
3
10
0
7
0
17
0
1
0
4
3
17
4
0
0
26
16
4
16
7
16
1
1
4
6
7
7
3
15
4
0
1
1
1
3
79
19
5
14
7
5
1
4
7
3
7
18
3
1
4
0
4
27
0
8
4
7
0
0
4
0
1
17
4
6
1
1
7
6
0
3
0
3
0
6
35
6
26
0
4
1
0
1
25
7
6
0
0
17
0
1
1
3
1
6
25
4
4
1
0
7
0
6
0
4
7
10
7
1
1
6
0
4
26
16
0
1
4
3
5
7
7
6
17
0
1
1
0
18
0
7
4
6
16
7
3
4
6
1
0
0
0
1
3
6
4
0
7
0
4
4
7
1
35
4
6
6
4
17
0
10
4
1
6
35
0
1
4
3
7
0
4
1
1
3
1
1
10
7
1
7
3
44
0
1
3
4
0
1
8
6
10
1
1
1
1
0
7
1
10
25
19
1
1
0
6
3
0
0
0
1
26
1
0
0
3
1
10
4
1
0
1
3
0
7
0
4
1
17
1
6
6
10
0
3
3
0
0
1
0
1
3
22
3
16
6
0
10
7
27
6
3
14
10
1
7
28
1
1
7
1
1
19
1
12
1
1
6
0
0
0
25
1
0
16
0
4
7
4
6
1
1
1
6
6
6
0
1
0
18
0
4
1
1
1
1
0
25
1
6
10
0
7
12
0
1
1
7
1
4
7
6
10
0
6
16
1
10
1
1
1
0
18
6
8
1
1
7
4
9
0
1
1
35
6
0
4
0
6
4
0
10
0
7
0
4
7
1
6
30
5
9
7
7
1
7
4
0
10
3
4
26
7
1
3
16
7
3
0
25
4
6
18
3
4
1
1
3
0
0
1
16
1
6
