10
0
3
0
9
9
73
1
6
26
5
7
1
1
27
5
6
5
1
18
7
12
7
1
19
4
27
1
14
23
7
122
12
6
38
173
114
6
5
0
1
0
6
0
12
6
10
12
53
4
18
28
26
28
10
12
5
132
62
18
22
147
0
135
7
7
4
10
18
181
6
4
16
57
17
94
0
28
0
134
4
0
43
7
1
1
5
7
25
4
5
6
3
65
4
56
6
55
0
12
13
12
35
1
53
6
6
28
0
15
30
9
27
7
0
7
61
17
35
70
3
6
25
113
25
4
70
18
6
0
25
9
1
9
7
15
17
38
6
37
5
16
16
12
16
54
4
95
4
3
50
6
3
70
12
4
6
28
58
19
42
14
15
16
16
22
174
1
16
1
30
10
43
0
9
28
0
5
3
1
174
0
25
1
10
4
4
4
0
12
0
4
26
6
26
4
30
0
17
3
6
1
3
3
14
12
197
6
70
0
26
70
30
28
4
25
8
136
95
30
45
1
6
128
23
5
25
1
1
26
0
12
28
7
4
7
1
1
28
6
171
25
1
85
4
6
1
0
1
22
2
1
4
58
7
140
64
3
1
40
1
4
27
0
70
6
1
120
16
18
1
33
25
0
42
27
3
26
84
1
26
25
1
8
3
0
17
6
37
0
14
6
1
70
180
17
9
22
6
1
92
50
0
37
22
30
7
53
0
7
19
92
6
8
22
10
26
1
25
0
0
0
152
1
18
28
8
8
57
1
5
44
0
27
61
4
100
7
122
36
30
10
30
62
16
40
0
16
149
25
31
27
9
61
0
17
3
40
113
1
1
66
16
4
0
7
0
26
3
0
55
1
98
52
79
14
114
47
1
26
7
7
4
18
4
26
3
22
1
0
50
0
1
9
137
41
0
6
1
