141
198
105
195
142
169
69
141
146
73
168
0
122
175
55
194
149
75
183
91
54
161
109
128
143
144
9
192
62
184
18
22
154
48
152
66
119
35
32
70
96
52
68
142
14
111
97
86
92
198
50
41
148
58
15
111
53
193
127
163
2
156
50
146
157
121
150
118
136
10
140
199
101
64
67
91
120
63
191
155
35
196
55
142
155
137
95
191
115
73
107
151
1
42
127
109
11
24
163
48
92
47
34
87
17
27
33
150
34
143
148
145
118
181
179
98
56
5
185
166
168
61
120
70
170
111
141
15
5
25
159
137
65
69
110
49
172
91
139
122
130
138
165
141
74
58
193
198
149
185
100
149
59
8
191
148
86
51
27
157
4
32
139
122
35
65
198
168
114
153
138
23
50
124
158
82
142
168
119
20
17
170
41
30
193
168
188
14
196
51
60
108
109
142
95
163
165
192
33
95
43
160
99
178
52
87
165
174
103
51
74
49
32
75
172
61
75
13
92
69
77
150
15
96
102
40
102
20
102
167
23
16
156
174
46
7
153
108
151
135
162
14
74
164
199
45
178
35
85
193
50
108
105
180
147
81
119
27
71
136
145
160
135
82
181
125
93
57
30
166
38
21
47
126
80
43
109
73
131
81
183
39
41
186
177
197
118
143
127
134
131
37
61
93
55
29
121
24
38
60
163
67
33
152
153
97
48
74
173
62
135
69
65
130
169
89
128
94
61
170
178
47
173
57
45
67
60
146
60
5
28
136
64
84
149
45
145
167
64
113
32
152
162
145
185
57
190
80
96
0
90
158
44
160
168
56
64
163
140
125
121
51
109
128
44
44
136
84
31
0
119
44
7
46
153
46
4
58
162
73
180
187
195
158
147
31
198
161
52
89
15
105
195
182
8
129
45
37
161
24
32
71
175
154
196
190
136
23
40
57
140
49
11
192
118
74
21
172
147
51
170
84
152
94
140
169
45
86
56
104
0
83
71
174
15
84
153
23
130
56
159
70
149
142
70
126
67
90
49
122
46
95
161
61
25
1
155
72
89
114
191
24
128
5
189
171
72
74
96
140
86
190
110
95
119
29
122
0
195
109
10
22
58
82
111
152
140
104
72
117
83
113
97
106
33
122
66
92
127
162
117
138
37
142
177
138
175
63
178
136
161
51
46
199
127
164
117
1
168
22
185
69
35
32
70
5
128
72
56
130
29
5
111
96
124
116
37
135
114
178
58
66
39
72
124
111
150
145
4
95
73
178
68
125
84
174
184
20
56
46
186
123
149
113
36
169
187
146
127
9
54
127
114
188
112
56
63
5
20
145
94
13
78
191
8
101
182
110
148
11
37
58
17
170
48
49
188
188
161
64
148
28
62
175
123
152
169
81
127
187
199
77
85
158
186
186
131
115
2
151
105
42
191
111
42
126
156
7
59
44
181
134
87
198
30
184
82
96
177
167
24
103
190
84
186
68
189
48
60
89
107
98
42
41
158
122
2
37
98
158
9
110
66
56
8
81
32
154
150
107
4
145
16
19
67
113
163
98
182
132
197
5
92
94
107
102
177
63
104
30
9
99
115
162
115
131
129
152
17
5
125
112
59
128
22
61
150
92
74
137
140
101
53
18
65
52
191
163
125
141
135
40
107
52
42
79
18
51
159
106
4
87
6
91
42
22
102
94
143
38
49
133
41
5
97
144
129
126
162
164
66
37
151
20
130
28
85
73
103
57
194
49
57
127
17
177
93
19
44
27
6
128
126
180
173
133
104
95
28
6
156
92
100
95
66
179
93
51
134
94
152
9
130
159
60
31
78
5
83
124
152
184
153
157
114
187
148
53
66
53
169
129
77
154
72
82
19
75
7
188
98
96
156
165
173
92
1
193
144
154
177
152
197
49
23
135
198
156
176
63
91
113
42
25
97
20
19
77
197
24
195
92
32
197
126
10
42
120
110
63
146
100
16
27
149
181
93
82
132
175
4
109
151
155
17
120
163
45
86
116
80
172
80
56
172
46
169
145
109
7
71
61
105
187
131
75
170
160
187
167
70
114
89
96
71
32
96
94
57
73
90
59
61
40
177
75
168
115
190
72
81
68
145
163
68
46
40
177
80
34
135
81
6
158
168
140
82
6
42
189
54
116
122
121
172
104
99
1
4
123
20
110
19
150
89
105
138
168
152
82
95
190
164
157
96
84
36
77
83
88
132
113
135
22
134
181
4
136
128
21
63
8
185
87
117
40
109
80
190
153
113
178
117
167
55
52
82
68
