12
70
28
21
46
6
69
141
70
10
7
10
1
175
6
7
4
0
3
0
50
10
1
3
6
3
1
64
62
6
18
0
25
25
113
4
0
1
1
6
7
9
68
16
14
111
4
0
0
1
50
10
28
7
17
8
16
1
11
6
2
80
17
50
12
8
43
0
3
10
16
7
1
10
44
0
25
138
1
1
6
27
6
58
1
10
0
15
16
27
28
4
1
1
9
53
1
16
6
6
0
1
28
4
17
4
10
0
16
6
3
7
7
139
30
0
8
4
25
4
7
7
120
6
1
8
112
15
4
0
7
8
26
69
4
1
4
0
0
1
25
4
48
16
1
7
193
70
1
18
69
113
10
1
1
28
0
6
27
1
4
10
1
53
35
6
198
17
18
0
4
0
0
0
0
1
1
16
0
6
0
22
10
30
1
17
10
1
27
6
27
10
109
19
0
15
48
0
10
4
1
0
0
11
16
4
0
10
28
6
2
44
10
1
9
0
0
1
92
26
1
64
1
18
48
26
35
4
23
10
0
16
156
174
0
7
0
10
9
7
5
14
5
9
10
0
15
6
6
1
50
10
0
6
1
53
27
3
25
3
64
0
22
30
12
16
75
4
1
23
6
1
0
9
0
1
1
26
1
1
3
27
3
186
54
27
70
143
9
28
1
4
0
3
12
1
75
24
38
26
6
30
22
99
6
4
6
8
0
4
7
69
6
12
169
4
3
7
0
1
11
25
0
4
7
1
60
99
26
5
0
3
10
27
1
7
0
4
26
113
32
99
4
0
25
14
5
0
96
0
79
7
1
0
40
35
64
1
16
8
8
6
53
3
1
1
3
27
3
0
0
1
7
1
6
1
4
58
5
1
6
8
181
0
1
3
26
61
52
0
1
28
39
6
16
6
0
4
61
17
10
3
40
25
27
1
3
0
6
14
140
3
0
22
0
1
21
57
1
6
135
27
0
26
62
169
0
19
6
1
0
0
25
57
5
43
4
6
0
8
70
7
1
19
15
0
1
3
1
1
1
9
0
0
25
1
0
70
4
28
9
1
3
6
1
6
10
8
54
16
19
157
9
4
9
100
77
0
195
53
0
22
25
1
16
10
140
0
12
4
20
7
4
17
33
6
66
107
0
5
4
16
30
25
107
4
12
30
111
21
10
6
16
14
0
33
112
1
54
0
0
26
6
10
0
12
4
7
1
25
22
12
111
7
4
30
2
22
16
22
25
4
25
10
3
53
1
95
4
95
1
11
6
16
27
6
6
6
56
1
135
0
42
10
1
6
8
99
9
9
53
8
4
106
25
1
16
4
4
7
7
1
9
15
1
12
6
4
6
7
30
7
17
1
0
1
10
137
70
0
28
0
1
40
26
0
6
1
9
187
47
77
85
0
186
186
1
27
4
9
28
1
9
111
1
121
28
7
18
1
17
134
4
26
30
6
36
7
107
113
1
3
1
0
18
4
16
18
26
4
107
35
1
3
7
77
4
1
92
0
4
4
4
8
1
81
10
25
28
1
0
0
0
12
1
10
15
35
6
4
27
3
4
7
4
48
107
9
0
30
4
0
27
5
16
26
6
4
28
4
8
112
7
66
0
7
6
4
74
10
140
0
53
0
43
8
15
6
9
40
112
6
0
16
30
0
0
1
7
44
4
4
6
0
42
1
23
7
81
6
1
7
3
4
4
3
6
8
1
134
25
2
9
6
25
0
6
27
3
4
50
31
4
0
17
54
1
19
5
0
6
3
44
6
0
0
1
0
3
6
5
10
55
4
4
17
25
6
16
7
152
1
12
62
26
6
9
9
3
37
0
6
6
1
4
8
28
53
4
50
6
6
1
25
12
7
3
0
3
8
9
7
5
0
173
4
1
1
3
130
52
4
27
1
15
7
70
3
40
16
0
4
1
25
196
4
7
50
193
16
39
0
10
193
0
10
42
1
110
16
70
69
25
0
113
21
25
3
132
12
4
53
1
1
17
25
6
7
19
3
0
9
0
8
40
1
6
7
10
7
3
0
28
8
1
1
62
0
1
6
7
4
4
7
3
14
7
94
4
1
0
10
1
26
177
0
17
16
22
10
35
15
7
1
68
17
26
8
80
28
7
81
6
0
45
143
66
1
1
1
53
3
151
121
172
1
0
1
0
26
6
4
19
28
4
28
4
17
7
30
0
1
134
12
0
27
1
9
6
23
5
113
7
1
16
12
4
3
3
21
4
1
25
40
4
26
73
0
17
6
10
15
4
128
6
9
30
15
