70
181
12
13
175
79
171
161
32
126
13
81
136
22
139
105
48
95
24
170
164
102
115
121
5
174
72
50
94
145
80
197
4
111
22
189
158
69
148
56
26
17
113
161
174
47
91
123
172
150
56
32
108
55
52
124
145
97
160
98
121
154
122
27
46
42
55
73
144
34
136
172
80
39
95
144
197
155
48
127
86
40
109
49
145
25
148
44
167
70
191
66
72
179
143
59
181
21
124
132
156
199
160
11
90
63
108
157
70
133
31
54
162
167
10
151
157
157
96
117
134
136
105
78
0
37
71
125
159
125
195
61
107
25
159
183
19
34
51
111
177
37
10
117
197
53
50
11
5
147
113
179
147
192
124
26
84
149
186
173
99
56
162
141
103
197
180
5
192
186
2
182
117
95
107
127
62
139
96
81
110
100
70
180
73
141
77
149
70
131
102
160
2
6
157
182
76
144
188
150
167
32
95
159
58
188
97
187
122
32
126
164
187
131
139
108
136
10
56
114
8
34
30
66
132
8
71
81
57
88
111
37
31
98
99
85
191
182
179
10
109
179
144
28
71
52
32
2
118
32
96
172
19
63
192
169
160
2
44
119
33
98
127
185
189
5
140
3
129
156
156
25
136
136
39
162
50
161
27
123
122
116
129
26
141
144
29
60
53
63
72
187
138
112
53
44
78
118
117
187
172
5
181
146
32
150
34
27
14
72
188
137
128
130
112
174
68
49
100
25
179
46
44
5
105
152
40
145
187
114
170
75
52
89
130
130
173
196
122
22
141
148
134
186
78
113
141
199
10
188
96
23
132
73
131
172
122
172
153
12
66
71
30
38
188
28
39
6
147
103
65
111
147
128
169
199
112
187
21
125
144
176
66
87
136
2
7
45
91
99
131
192
106
110
39
0
155
85
156
85
150
175
181
19
139
145
130
92
114
157
138
158
183
183
69
100
199
65
43
52
4
161
128
124
141
101
197
140
165
74
114
19
66
49
196
166
29
17
162
39
184
51
75
79
94
158
8
178
195
108
143
87
83
182
60
189
24
5
147
170
168
2
86
0
160
26
35
105
69
188
97
79
170
85
104
54
102
84
129
40
5
126
0
99
35
184
182
118
46
126
5
72
46
184
198
96
46
138
62
14
118
74
35
147
130
198
77
70
68
108
99
141
168
165
70
138
24
94
99
99
46
128
172
150
188
140
86
75
188
188
58
177
145
135
187
42
167
47
6
193
82
54
117
44
73
164
124
104
55
175
20
18
99
3
89
123
36
126
128
171
97
81
32
36
155
118
143
196
3
157
177
20
128
56
56
109
33
35
99
181
177
180
136
94
176
50
197
73
94
107
80
198
55
112
120
73
46
183
182
56
64
35
74
122
161
1
59
25
190
77
115
153
100
37
39
98
92
144
172
96
129
84
191
115
151
177
83
145
137
29
9
144
123
182
3
61
157
178
102
166
78
166
141
109
27
142
130
163
82
6
130
189
94
135
21
98
125
156
186
48
175
139
92
137
79
150
123
92
31
95
143
10
188
156
65
62
197
91
171
183
16
197
170
163
25
108
137
85
165
168
164
100
95
79
167
186
56
77
180
148
45
32
23
85
109
148
156
110
49
8
129
56
189
66
181
88
52
88
160
128
39
76
170
197
52
96
143
81
108
27
7
164
0
127
66
66
199
106
14
163
195
30
175
91
104
90
90
44
62
143
66
92
176
186
141
142
116
109
139
84
35
108
82
160
52
40
60
105
56
99
81
10
163
26
150
51
31
84
84
109
183
136
81
131
60
143
24
115
126
27
2
152
6
180
89
145
124
81
105
127
126
22
81
181
171
136
188
84
34
71
74
20
147
72
176
36
73
185
139
93
111
144
6
191
48
77
126
130
180
149
68
121
142
156
10
149
2
122
26
112
2
142
136
146
72
159
182
80
1
97
151
66
152
10
150
108
19
62
121
113
119
154
199
55
160
39
62
58
156
23
49
29
20
106
194
192
156
161
109
192
123
5
25
157
4
103
104
81
189
57
33
160
64
104
67
2
148
39
146
115
124
102
32
1
194
136
66
48
99
63
67
104
179
100
96
64
68
15
30
19
48
11
187
144
173
87
66
194
190
108
114
105
19
131
91
31
158
4
116
8
71
139
110
128
169
0
29
117
130
82
144
17
84
28
160
151
135
105
91
106
7
25
189
107
171
126
59
14
160
1
74
54
54
78
57
102
115
28
59
36
190
140
40
96
38
194
46
37
65
10
53
98
167
55
164
168
98
93
