70
195
12
13
69
91
171
161
32
126
119
81
150
22
139
105
48
95
24
157
42
102
53
121
5
174
72
112
94
145
80
197
4
134
22
189
75
69
148
56
26
17
113
161
174
47
91
123
110
150
56
32
108
100
52
74
145
97
153
98
127
154
183
27
46
42
55
73
12
34
140
172
80
39
95
144
197
61
153
127
104
40
138
49
145
47
148
61
113
70
119
66
72
179
143
178
181
21
124
132
156
158
21
11
90
177
108
12
70
133
183
54
2
167
10
151
157
55
54
87
184
150
105
78
0
37
71
125
159
125
195
61
163
25
62
183
29
103
51
42
177
37
10
117
193
53
50
11
17
190
113
179
147
198
56
26
27
149
186
185
99
187
162
141
31
197
180
5
192
186
37
182
117
87
107
127
62
139
189
53
110
121
15
180
27
141
77
149
70
73
102
160
2
6
12
163
76
12
188
150
167
32
95
97
58
188
97
121
183
32
126
164
187
94
139
108
136
10
187
114
8
34
30
66
132
8
183
53
57
88
52
117
153
98
99
85
191
163
179
6
38
179
144
28
71
52
32
2
161
47
96
176
19
63
82
169
21
65
44
119
33
98
121
185
189
2
140
3
129
156
85
25
136
136
39
162
50
161
27
123
122
116
129
69
141
144
29
60
27
63
72
187
138
59
53
44
78
118
117
187
172
5
181
146
32
150
34
27
14
135
188
137
93
130
135
174
68
49
29
25
179
24
44
5
105
144
40
145
187
114
170
75
52
89
130
130
173
196
151
22
141
148
103
186
78
113
141
199
10
188
96
166
132
73
43
127
122
113
171
12
128
71
12
38
188
18
120
70
147
103
65
111
147
128
184
199
112
187
21
125
144
105
66
87
136
2
7
45
91
146
131
192
106
114
195
0
182
85
162
85
150
175
181
19
139
145
130
92
114
157
138
158
128
183
69
195
171
43
43
52
4
161
128
90
141
101
197
140
165
74
114
35
93
49
196
166
29
17
162
195
184
51
75
124
94
158
8
51
181
92
85
87
83
182
60
189
46
5
147
62
168
2
86
0
91
136
85
105
69
188
97
79
170
85
155
54
166
73
172
40
4
118
17
99
35
184
124
118
19
126
125
72
46
153
198
96
46
114
62
14
61
74
35
147
130
198
77
70
68
108
99
112
168
165
20
138
24
145
99
101
190
93
172
150
188
143
86
75
188
188
58
177
124
135
42
42
149
47
6
193
82
54
89
44
73
184
124
165
55
175
20
53
99
3
89
123
36
126
128
171
159
81
32
36
43
118
143
196
3
162
177
20
128
52
56
82
42
98
22
181
177
20
150
94
176
41
94
73
94
107
80
198
55
112
120
73
46
183
23
14
64
35
74
122
161
15
112
25
157
77
115
48
100
37
23
98
92
6
172
96
129
84
191
115
151
177
83
64
137
100
8
144
123
182
3
61
157
178
102
102
109
166
141
109
27
142
130
163
82
3
154
189
94
135
181
98
125
156
132
48
175
139
92
137
79
150
123
92
31
95
85
10
137
156
65
62
197
24
171
183
16
197
178
123
0
108
165
80
165
168
63
100
95
90
167
186
56
77
180
148
45
32
23
85
109
148
156
110
83
8
129
56
45
166
181
88
177
23
173
128
102
76
170
126
34
96
143
81
49
27
7
164
0
127
37
66
94
106
14
107
195
1
194
91
104
90
90
44
62
85
66
92
176
186
141
142
116
109
139
84
35
49
82
160
52
40
136
105
56
99
81
6
163
136
150
51
31
84
158
38
183
136
81
179
55
143
189
115
126
27
2
152
70
153
87
86
124
81
105
127
126
22
81
181
171
150
188
84
34
71
162
20
98
72
176
35
77
185
139
93
187
144
6
191
48
77
126
130
180
149
151
126
58
156
10
149
2
122
1
135
2
19
136
146
72
72
182
80
1
196
151
98
152
10
150
32
19
60
127
113
119
154
199
55
160
39
62
61
156
23
49
29
20
188
194
192
156
161
63
107
123
5
25
149
7
3
104
81
193
175
21
21
64
192
162
2
148
84
146
140
124
102
32
6
194
136
66
48
99
63
67
104
179
195
54
64
68
15
30
19
98
75
187
181
173
87
82
194
190
129
114
91
19
131
91
153
158
4
116
8
71
139
110
116
129
0
29
89
130
82
144
17
41
28
160
139
135
105
91
106
7
47
189
38
171
126
64
11
160
1
104
54
54
78
57
102
115
28
59
36
157
140
40
96
148
194
142
37
65
10
53
98
167
55
164
179
98
93
