12
6
0
17
46
6
30
141
70
0
7
0
1
12
6
7
4
0
3
0
0
10
1
3
6
3
4
64
1
6
10
0
25
48
113
4
0
1
1
6
7
9
6
16
1
111
4
0
0
1
0
0
28
7
0
1
16
1
1
1
0
5
4
50
12
8
43
0
3
0
26
7
1
10
1
0
0
138
0
1
6
27
6
7
1
0
0
1
16
0
28
6
1
1
9
16
0
17
6
6
0
1
0
4
17
4
10
0
16
6
3
7
7
7
26
0
8
4
0
0
7
7
120
6
1
8
112
1
4
0
7
1
26
69
4
1
4
0
0
1
0
4
48
16
1
7
113
70
1
18
26
10
0
1
1
0
0
6
0
1
4
10
1
53
1
6
198
17
18
0
4
0
0
0
0
1
1
16
0
6
0
22
10
30
1
0
10
1
0
6
27
10
109
19
0
1
48
0
1
0
1
0
0
1
16
4
0
10
3
6
2
5
1
1
1
0
0
1
10
26
1
28
1
0
6
26
35
4
23
10
0
16
5
174
1
7
0
10
1
7
5
1
5
4
7
0
15
6
6
1
1
0
0
6
1
53
27
0
25
3
64
0
1
30
12
1
0
4
1
9
6
1
0
9
0
1
1
26
1
1
3
27
3
186
54
0
70
6
9
28
6
4
0
3
26
4
1
24
1
26
6
30
22
99
6
4
6
1
0
4
7
69
6
12
169
4
3
7
0
1
9
25
0
4
7
1
3
99
26
3
0
3
1
0
1
7
0
4
1
7
14
99
5
4
0
1
1
0
96
0
0
0
1
0
40
1
64
1
16
8
9
6
53
3
1
6
3
27
3
0
0
1
7
1
6
1
4
0
5
1
6
8
12
0
1
3
26
61
52
0
1
28
39
6
16
6
0
4
44
0
0
3
40
16
27
1
3
0
6
14
16
5
0
22
0
1
0
4
1
6
135
27
0
1
140
169
0
17
6
1
0
0
0
14
5
7
6
6
0
8
6
1
1
19
7
0
1
3
1
1
1
4
0
0
16
1
0
70
4
0
9
1
3
6
1
6
10
4
54
16
0
157
9
4
9
100
1
0
195
16
0
0
25
1
16
10
16
0
7
4
20
3
4
1
1
6
4
92
0
5
4
16
4
25
107
4
12
30
111
21
0
6
16
14
0
10
117
1
54
0
0
1
6
6
0
5
4
7
1
0
22
1
111
0
4
30
4
1
16
0
0
4
25
10
0
53
1
95
4
4
1
1
6
16
0
6
6
6
14
1
7
0
42
10
1
6
1
99
9
0
53
8
4
106
25
1
16
4
4
7
7
1
9
1
1
12
6
4
6
7
7
7
4
1
0
1
137
8
6
0
0
0
1
7
1
0
6
1
9
8
47
1
8
0
186
186
1
27
4
9
28
1
9
8
1
8
28
7
18
1
17
9
4
1
7
6
36
7
107
113
1
3
1
3
18
4
16
0
26
4
107
1
1
3
7
1
4
1
92
0
4
4
4
1
1
81
10
16
28
1
0
0
0
12
1
10
15
6
1
4
27
3
4
7
4
48
1
9
0
30
4
0
0
4
16
1
6
4
0
4
4
112
7
4
0
7
6
0
74
10
16
0
0
0
43
1
1
6
9
40
16
6
0
16
30
0
0
1
7
1
4
4
6
0
1
1
0
7
53
6
1
7
3
4
4
3
6
1
1
134
25
2
9
6
0
0
6
27
3
4
50
6
4
0
0
54
1
7
1
0
6
3
8
6
0
0
1
0
0
6
5
10
6
4
4
17
0
6
16
7
113
4
12
62
26
5
1
1
0
37
0
6
6
1
4
1
28
0
4
18
6
6
1
0
12
7
3
0
0
8
9
7
5
0
173
0
1
1
3
130
9
4
0
1
7
7
7
3
6
16
0
4
1
1
27
4
7
0
40
0
39
0
0
193
0
10
1
1
4
16
70
69
16
0
113
18
0
3
132
12
4
53
1
1
17
25
6
7
19
3
0
9
0
1
4
1
6
7
53
7
3
0
28
8
1
1
22
0
1
6
7
4
4
7
3
1
7
26
4
1
0
10
1
3
1
0
17
16
1
10
1
1
0
1
15
0
26
8
8
0
0
1
6
0
0
140
66
1
1
1
16
3
151
9
9
1
0
1
0
15
6
4
3
28
4
28
4
17
3
30
0
1
134
12
0
0
1
9
6
23
5
113
7
1
16
7
4
3
3
21
4
1
0
26
4
26
53
0
0
6
10
15
4
128
6
9
1
15
