99
141
112
130
135
15
135
49
22
97
135
99
112
192
175
87
159
159
112
141
170
159
9
9
9
24
105
30
68
97
8
56
151
168
195
81
16
187
77
17
142
122
52
42
46
105
190
77
182
8
157
42
36
183
187
111
77
81
45
164
188
44
177
1
9
138
151
104
97
151
39
33
53
105
181
54
1
9
52
15
78
91
5
8
111
77
138
197
11
42
178
60
50
116
187
78
11
162
108
52
73
54
68
162
189
105
170
170
189
53
183
56
111
190
136
178
125
84
51
191
78
77
187
151
11
97
141
73
164
15
73
107
121
101
46
46
147
46
122
142
188
24
194
129
164
94
22
155
63
142
107
81
62
1
178
19
57
30
183
1
60
111
168
106
104
1
128
35
139
133
78
54
24
109
104
15
1
73
14
187
168
111
42
33
11
187
42
15
178
57
35
168
189
179
125
42
151
122
24
170
42
190
178
35
127
122
122
44
124
35
187
79
30
14
115
56
156
179
56
60
104
108
56
80
55
154
171
66
85
4
75
128
191
87
75
128
98
93
37
93
117
129
163
8
9
172
96
30
93
82
151
127
75
115
7
129
66
25
117
130
130
63
106
25
20
11
66
46
56
16
117
107
119
186
133
130
58
108
89
154
167
52
4
186
98
110
98
63
78
63
117
117
33
110
58
66
93
87
98
167
146
130
166
35
120
113
120
9
128
66
25
65
31
3
5
46
31
5
90
85
115
105
100
103
9
179
31
131
140
69
90
151
143
87
143
140
2
5
85
131
138
143
5
117
87
52
3
37
9
20
87
2
82
5
89
2
136
132
69
114
74
179
115
150
100
85
103
148
123
71
123
198
133
158
88
67
162
88
5
16
66
136
143
88
30
37
90
50
116
71
31
30
136
162
143
3
5
31
143
102
90
2
85
116
74
64
143
26
2
85
90
140
30
195
49
141
143
7
5
117
20
37
5
134
43
116
66
63
43
153
23
103
43
131
125
184
6
182
65
153
99
184
180
83
44
102
98
148
166
166
119
153
73
114
23
110
166
65
60
65
67
23
119
194
103
88
107
25
20
112
88
164
123
48
184
23
196
184
134
65
99
56
23
153
153
1
93
0
180
194
43
194
180
143
51
28
44
196
185
198
152
194
99
165
82
86
59
100
68
43
172
100
175
101
117
100
182
101
95
18
49
153
130
93
152
19
164
33
148
52
18
92
165
80
52
55
155
195
113
168
174
197
55
176
172
13
87
113
175
69
144
96
167
92
177
194
137
144
192
12
25
110
185
130
30
181
110
131
172
100
21
135
25
152
55
33
152
23
72
113
192
72
10
72
167
116
194
76
97
94
17
117
158
145
34
195
162
30
172
197
133
87
176
9
6
146
100
72
165
99
152
48
152
148
181
103
100
125
100
121
75
144
82
106
9
152
101
34
144
108
68
113
152
169
86
34
188
101
51
48
26
29
137
21
49
175
181
144
72
181
195
174
110
55
72
63
72
148
144
155
7
54
40
126
2
6
15
36
76
65
92
67
161
70
199
22
19
36
13
145
76
25
118
179
25
68
121
184
197
7
13
68
90
3
7
29
145
128
92
73
176
155
121
6
67
70
13
120
64
59
49
45
153
79
199
51
64
124
159
33
68
102
182
180
126
47
155
133
58
123
161
124
70
76
177
76
108
19
64
82
64
83
166
70
58
136
76
79
174
70
166
48
146
13
96
176
70
40
121
150
118
171
61
180
99
118
6
171
36
13
137
197
70
174
180
19
80
21
120
3
13
39
128
46
82
19
161
31
163
10
13
163
84
176
76
51
176
155
152
118
135
180
92
107
60
111
23
16
22
0
125
172
164
0
95
169
140
165
52
14
109
60
41
60
113
32
111
107
167
71
33
32
57
97
86
163
57
86
27
57
101
127
62
178
61
60
100
152
83
151
73
22
163
26
11
56
158
84
51
41
22
169
143
121
199
75
178
38
177
168
33
104
76
109
5
116
19
132
50
158
91
114
18
149
1
160
43
18
44
91
154
96
96
154
50
50
168
132
64
96
3
139
34
99
80
54
18
25
150
59
69
114
86
83
132
39
115
164
104
160
3
187
154
186
186
59
50
186
188
18
84
50
48
29
160
156
54
50
160
59
104
59
83
80
79
24
127
105
67
90
186
135
21
158
114
29
168
50
190
96
18
91
59
20
181
126
50
44
91
7
0
154
54
173
29
132
99
193
58
74
11
18
154
44
139
61
185
17
133
24
86
179
173
131
26
93
28
154
146
132
