10
0
144
22
9
63
73
1
6
26
4
135
1
20
27
5
129
5
1
18
7
12
7
1
19
4
27
147
32
23
58
122
12
6
192
173
114
6
5
28
107
83
6
0
12
6
10
181
53
112
18
0
26
176
10
72
5
132
62
18
135
147
0
170
7
6
4
10
186
39
6
4
16
57
17
1
80
6
0
134
4
0
150
7
77
15
5
7
185
4
8
4
3
65
4
56
48
55
39
181
13
130
35
1
134
85
35
105
0
15
82
9
27
7
0
7
58
17
26
70
3
48
25
40
25
4
70
18
6
0
25
9
0
9
7
15
17
38
6
37
5
16
16
181
16
177
4
97
4
3
4
55
3
10
12
29
180
150
0
19
42
147
15
16
16
22
174
0
16
1
30
10
150
0
9
28
28
5
3
1
174
0
73
157
9
5
37
4
0
12
26
4
1
23
60
4
30
0
17
1
6
122
3
3
14
12
197
6
6
0
26
70
30
28
117
112
8
136
95
162
45
53
55
167
44
5
25
1
9
40
0
12
150
7
57
58
44
1
28
6
171
25
111
85
117
6
1
27
4
22
38
1
138
58
4
140
64
3
25
40
1
3
84
0
70
169
0
195
16
185
1
33
25
4
149
84
3
3
84
1
26
25
1
137
3
96
106
6
37
0
14
6
1
70
180
17
191
22
40
42
92
50
25
0
2
30
7
81
0
7
19
92
6
8
22
72
26
1
3
0
0
17
152
1
18
28
8
8
57
1
17
44
112
27
161
97
100
7
157
109
30
10
30
140
3
40
0
140
149
25
31
27
9
61
99
17
3
40
113
107
1
66
0
56
0
7
0
26
3
0
55
1
92
52
79
32
114
47
73
1
75
7
4
186
4
26
41
22
1
0
87
119
36
9
137
41
0
6
1
