95
135
135
112
170
97
135
170
95
97
135
95
159
170
175
170
159
159
112
175
170
112
191
191
78
183
190
178
68
183
111
51
24
190
120
77
109
178
190
190
109
122
78
149
24
151
190
81
81
157
157
24
157
183
42
111
1
73
183
151
51
1
81
183
151
109
157
157
187
51
120
24
109
81
157
109
157
151
109
183
78
190
183
178
122
81
109
183
11
120
178
109
78
78
42
151
178
11
78
1
139
53
15
147
189
77
1
11
189
53
183
51
178
190
157
1
162
122
51
151
157
77
157
151
147
24
1
109
111
139
178
1
73
178
157
77
1
183
183
53
15
1
109
190
1
73
1
183
109
157
51
81
42
1
178
183
51
157
183
1
73
111
190
157
1
1
183
77
157
81
157
109
24
77
157
1
157
73
178
157
190
111
178
78
157
157
187
15
1
81
51
190
157
183
78
73
139
51
24
139
157
183
1
1
1
109
109
190
162
35
1
157
157
151
157
42
5
74
56
80
80
106
125
80
104
154
110
66
110
4
9
128
63
4
75
128
93
93
63
98
82
129
98
89
130
98
130
4
98
82
138
127
75
138
138
25
66
25
117
130
130
130
9
25
63
93
66
138
98
154
138
75
25
138
133
130
110
93
89
98
128
63
4
98
98
9
25
63
9
63
117
129
110
25
130
66
9
4
138
167
98
130
98
117
93
117
119
66
128
25
98
2
20
90
2
16
2
49
136
85
90
124
69
150
69
179
124
150
136
69
90
150
136
30
143
136
3
49
85
131
16
85
2
69
85
49
179
37
37
20
69
2
37
3
30
2
136
49
69
179
49
179
16
150
69
30
3
2
124
3
2
143
20
90
2
131
49
124
49
140
20
136
136
3
116
37
90
124
90
140
49
143
136
30
85
3
20
2
143
124
90
90
85
3
49
69
150
140
2
85
3
143
30
69
49
16
143
20
124
90
20
85
2
140
131
116
124
140
131
153
23
134
43
65
164
184
88
153
65
153
123
184
180
153
43
134
48
6
166
48
123
153
180
23
184
48
166
65
196
180
43
6
23
194
23
48
107
166
184
166
88
164
134
6
184
23
163
184
164
65
153
180
88
153
184
107
23
153
180
194
65
194
180
180
163
153
88
43
48
6
144
34
165
174
152
165
72
12
100
29
172
174
12
101
113
100
55
101
29
34
34
165
12
137
113
34
174
99
34
144
100
137
165
174
137
174
137
195
152
144
144
165
165
185
172
113
113
137
12
144
72
34
172
137
137
34
174
137
165
12
34
113
72
185
72
72
137
29
172
100
174
12
185
72
195
99
113
172
72
144
99
72
165
72
172
144
34
34
174
144
29
34
165
144
34
100
34
195
172
144
34
172
34
172
29
99
100
72
174
99
137
137
137
34
181
34
100
137
100
165
72
113
12
113
165
144
101
34
113
137
174
113
99
55
165
34
137
12
137
165
55
29
174
34
137
144
137
12
72
72
137
144
99
34
72
72
113
34
195
32
76
46
199
39
61
10
199
36
76
199
32
61
118
70
199
192
19
36
13
32
76
61
118
76
47
39
161
118
64
13
13
36
176
19
7
19
10
32
76
199
64
10
142
199
36
199
13
10
64
76
192
7
199
7
199
171
64
36
198
10
171
10
36
10
61
39
61
46
58
32
118
10
70
76
32
176
39
142
64
64
64
83
7
198
58
198
76
199
10
198
198
161
70
13
7
176
70
39
39
19
70
76
142
171
192
199
199
171
39
13
10
94
118
10
199
155
32
176
38
10
46
39
38
142
36
142
32
118
10
10
13
10
32
176
76
199
176
61
13
64
145
199
198
76
84
57
40
27
60
158
14
40
27
158
60
40
71
14
193
60
27
197
57
84
57
14
60
193
41
40
14
60
57
158
27
40
57
158
27
27
60
158
158
14
158
71
71
193
27
57
84
27
27
71
14
169
158
27
14
41
14
57
57
57
57
193
52
103
177
177
17
52
59
54
132
67
17
114
146
0
114
114
59
132
52
160
132
173
67
146
114
96
96
114
52
146
96
186
146
96
173
168
103
0
17
54
114
114
28
103
87
114
86
103
132
132
28
177
0
160
103
146
114
114
186
114
17
18
177
21
45
50
114
186
160
177
50
103
173
59
86
59
146
52
86
146
0
105
67
114
186
59
18
0
114
146
28
50
168
21
59
91
173
114
21
17
103
44
91
17
0
114
54
114
114
132
160
146
173
18
103
114
114
17
45
17
18
17
146
21
0
67
173
132
45
28
86
114
146
186
