6
181
7
1
69
0
10
0
10
44
0
1
3
22
0
28
0
0
1
1
106
0
3
1
4
25
10
0
7
7
0
1
4
16
1
17
0
30
28
1
26
4
10
10
4
25
0
26
9
28
1
1
10
6
16
4
0
4
0
35
121
4
6
16
16
1
6
1
12
0
3
4
0
0
4
3
0
1
0
0
0
6
53
1
0
0
6
0
10
7
0
4
6
30
16
0
12
1
1
5
5
7
3
0
28
54
10
1
7
0
3
27
3
70
0
7
1
7
7
4
6
3
81
1
0
4
3
16
22
5
12
0
6
9
1
24
1
28
6
1
18
4
0
4
193
53
0
1
4
147
10
0
1
38
35
1
27
149
18
18
0
8
30
16
3
27
7
4
1
7
3
6
50
4
1
9
62
0
7
0
9
4
7
6
0
16
1
30
1
1
35
0
4
6
5
6
7
12
10
150
3
19
1
4
7
10
4
8
6
10
0
9
1
26
7
10
3
0
8
4
1
16
7
4
4
1
3
81
4
3
1
4
0
4
0
6
9
6
0
6
10
131
3
0
3
4
10
3
0
14
7
26
0
30
1
4
21
3
0
9
0
4
121
25
1
4
3
3
1
5
8
0
3
3
1
4
0
10
0
1
1
30
6
3
25
3
22
26
1
16
10
8
4
18
16
1
1
61
4
50
9
4
12
0
47
0
16
0
1
7
8
1
10
25
7
10
1
1
19
16
17
0
0
1
0
4
26
7
50
4
7
0
9
4
7
7
0
0
6
0
112
0
0
5
1
4
16
10
0
137
0
9
1
1
6
9
6
4
6
1
4
3
7
1
10
0
25
6
1
0
6
8
14
4
6
7
0
1
10
5
3
0
4
4
3
3
7
7
0
17
26
64
1
4
39
0
107
6
5
6
28
26
181
17
1
7
0
4
4
1
4
7
3
3
26
39
7
1
6
16
4
10
3
3
16
1
7
16
6
5
4
1
25
1
27
6
19
0
30
39
1
1
1
7
26
0
1
14
181
10
143
4
0
6
26
1
16
3
1
1
17
1
0
0
0
3
6
0
4
17
62
0
1
6
1
53
6
27
113
6
4
61
0
1
1
6
35
0
17
7
1
7
16
6
26
7
16
4
1
1
61
1
1
1
25
26
1
7
6
0
15
10
17
0
1
4
16
7
0
99
17
4
10
28
8
16
0
1
8
56
7
54
0
7
1
1
4
1
6
1
30
0
50
1
73
134
4
0
6
40
3
0
99
3
4
15
1
121
3
6
62
53
10
1
1
70
140
6
3
1
54
4
66
8
1
1
1
0
0
12
1
6
136
7
6
10
94
1
7
1
0
26
26
0
1
1
1
3
6
1
3
1
8
77
10
1
0
16
17
1
0
6
69
7
0
0
4
3
9
7
1
1
9
27
6
1
0
7
10
100
1
3
6
123
3
0
1
0
35
23
78
6
16
53
0
1
0
1
30
3
25
24
7
7
1
6
1
0
1
0
12
1
0
1
7
28
123
4
6
0
30
0
10
0
6
1
0
17
6
16
3
1
1
6
0
10
165
6
0
17
9
26
4
7
4
186
1
1
25
28
0
10
0
6
1
1
28
9
6
1
6
8
7
0
1
3
16
1
0
3
0
10
1
7
16
0
16
1
6
1
7
9
0
0
4
1
7
17
1
6
12
1
30
0
1
3
3
0
22
30
4
10
40
0
16
16
1
53
7
0
1
1
66
0
9
6
26
28
56
1
81
6
1
3
1
6
6
0
7
1
3
1
1
17
26
6
1
16
7
16
0
113
6
6
4
0
4
77
28
0
121
0
81
12
6
26
137
0
16
0
5
6
25
12
40
1
1
25
1
93
8
3
6
0
6
1
121
25
6
1
1
0
7
156
0
113
4
1
1
25
4
19
26
70
0
6
6
0
1
4
9
25
144
0
28
10
5
62
127
4
0
25
7
6
18
0
4
1
5
6
1
4
4
106
12
0
5
7
138
1
6
1
25
1
7
0
0
1
1
6
17
0
10
0
30
4
28
0
0
16
7
23
10
6
12
26
6
6
1
16
1
0
17
100
0
0
6
1
30
3
25
1
8
7
0
4
7
28
157
6
4
0
12
26
0
6
7
4
7
1
0
7
4
3
6
0
29
50
96
30
4
17
10
0
0
7
7
28
0
1
0
25
1
1
6
0
10
1
0
1
74
50
0
1
4
6
5
0
0
10
1
140
26
7
5
12
1
4
1
0
16
6
4
1
4
17
25
75
