141
198
105
181
142
169
100
175
146
10
168
10
122
175
55
181
97
75
24
91
54
161
122
183
143
144
9
192
62
184
18
99
130
48
144
66
119
147
19
70
76
52
183
142
14
53
97
84
119
38
50
41
90
58
17
111
53
107
11
43
2
156
50
146
157
121
150
118
183
10
140
199
101
64
67
91
98
63
178
61
35
196
55
58
155
10
95
191
115
73
163
151
1
111
127
109
11
24
163
51
119
47
34
117
28
8
59
90
34
81
128
64
166
139
179
98
188
31
185
39
168
161
120
70
170
111
159
15
5
27
159
137
131
87
110
44
172
91
17
81
130
138
102
141
104
58
197
198
62
185
100
149
59
8
191
148
158
20
27
157
4
108
139
122
35
163
198
168
173
173
138
23
50
124
158
82
46
46
119
182
17
62
41
116
193
91
188
14
196
51
27
108
109
155
22
123
180
192
33
95
9
160
83
11
52
87
119
174
148
171
37
106
36
189
172
44
75
13
58
69
77
64
15
59
118
40
102
20
102
167
23
16
156
174
17
7
153
108
151
135
162
14
74
52
145
45
178
35
85
193
50
108
91
180
147
81
197
40
71
136
145
160
135
82
34
125
93
57
30
166
31
21
47
121
80
9
109
73
131
81
183
39
41
132
177
197
118
143
151
194
131
89
61
128
55
29
121
183
192
60
163
67
33
152
180
196
48
74
173
97
189
69
43
130
169
117
128
94
61
170
178
47
18
57
75
67
71
101
60
5
28
136
64
84
149
45
145
167
64
113
47
152
162
145
185
57
19
80
130
0
79
158
1
160
40
56
192
163
140
125
121
51
109
128
44
131
136
196
31
0
119
44
7
46
153
46
4
58
162
73
180
187
195
158
155
88
198
161
177
89
1
105
195
182
15
163
45
87
161
106
32
71
175
154
196
190
136
23
40
32
140
49
11
192
161
74
21
57
147
31
170
84
152
94
140
169
45
142
169
104
0
83
71
174
5
43
110
23
96
74
159
70
149
142
70
121
67
90
157
122
46
191
161
61
112
1
61
198
89
28
191
46
128
6
189
171
72
74
54
140
86
190
110
95
119
100
122
0
195
138
10
19
58
82
184
152
140
192
72
117
20
144
97
106
33
68
82
107
165
162
117
63
30
47
177
138
175
116
111
136
72
51
141
199
127
164
112
1
168
22
185
69
35
32
99
12
128
145
56
130
29
12
111
96
124
116
65
135
114
22
58
66
47
72
124
53
150
145
4
97
73
178
68
125
84
55
184
65
56
46
186
133
149
113
36
153
187
146
127
9
54
121
114
188
112
56
134
5
20
145
94
13
78
191
8
101
182
95
148
12
37
58
17
170
48
46
188
188
118
64
156
17
95
176
123
152
65
81
164
187
32
77
85
83
186
135
131
115
2
191
105
42
191
111
67
121
156
7
59
44
181
164
87
198
30
184
82
96
177
167
24
103
23
84
186
110
183
185
60
117
163
98
42
41
139
122
2
74
98
104
9
110
66
56
8
143
32
154
150
107
17
145
0
12
109
161
123
102
163
114
197
88
92
94
107
102
177
63
91
30
110
152
196
162
34
131
129
152
28
5
74
50
199
128
0
75
65
92
104
137
143
101
53
18
65
8
191
163
164
175
112
40
145
52
30
79
18
51
159
106
4
87
6
91
111
22
23
94
143
65
139
133
88
5
97
144
129
121
162
164
66
37
151
171
130
28
85
73
103
57
134
31
57
127
17
177
93
19
132
95
6
88
126
180
173
133
104
95
103
6
156
59
100
95
66
179
93
51
184
199
144
9
130
159
60
31
78
11
20
74
152
184
171
157
114
187
90
53
66
54
169
129
77
154
72
82
144
11
3
174
119
45
31
165
173
92
1
193
144
154
177
152
197
49
191
135
198
103
176
140
91
113
42
25
196
20
12
77
197
24
195
18
199
197
126
59
106
120
110
63
146
100
25
27
172
181
93
66
186
175
4
122
151
155
17
47
123
135
86
116
80
172
91
56
172
46
85
145
109
7
71
61
105
187
73
75
159
91
187
167
70
114
89
158
71
32
96
197
174
39
165
161
61
26
177
23
168
115
68
13
81
68
75
163
122
179
94
177
85
34
135
81
6
75
168
143
82
6
42
189
54
116
151
127
172
121
99
1
0
123
20
114
19
150
89
105
117
24
152
67
95
190
194
190
45
84
36
78
83
88
132
149
135
22
134
181
4
71
128
21
138
8
185
176
112
69
78
86
190
153
113
178
117
128
55
9
67
68
