7
181
12
1
100
0
36
10
10
126
0
35
136
19
17
105
18
0
16
1
106
23
16
121
4
185
10
112
7
145
8
3
4
134
1
17
7
69
28
8
26
4
10
10
9
25
0
123
9
150
8
0
10
55
16
4
95
4
0
35
121
0
68
16
17
42
6
27
12
12
136
172
0
23
0
3
27
44
0
0
0
40
53
1
45
25
31
44
113
7
0
4
12
179
140
27
21
13
124
2
156
7
21
0
28
177
28
55
7
79
3
54
5
113
10
4
157
12
96
4
184
136
81
77
0
30
3
16
159
5
181
0
10
25
62
24
22
28
15
42
177
30
10
112
193
53
50
1
4
190
113
17
1
38
188
1
39
149
18
185
0
8
30
16
28
197
58
4
38
18
2
182
50
4
107
9
60
22
7
79
9
8
15
48
27
16
1
149
4
26
102
0
4
4
12
163
7
12
137
150
128
32
22
97
25
56
4
8
68
10
7
9
8
26
7
10
136
0
8
4
1
16
30
4
132
1
3
53
4
3
8
4
6
92
0
6
9
163
7
6
6
131
3
0
3
9
10
3
61
32
7
40
12
30
36
4
21
2
173
25
21
92
121
25
1
4
140
3
4
5
85
0
136
3
0
5
0
10
0
26
77
30
6
26
112
3
29
26
27
16
72
8
4
48
53
1
6
61
4
50
9
4
12
17
47
28
16
0
14
7
188
8
10
25
0
174
22
1
29
25
17
17
61
5
86
113
54
7
50
4
135
0
9
3
12
130
0
27
68
22
112
28
50
132
9
4
141
10
10
137
185
166
4
73
6
9
68
193
6
12
66
25
12
15
137
18
120
6
25
28
43
8
147
66
6
7
25
8
13
16
3
28
4
4
3
3
7
7
0
50
26
64
106
4
39
0
107
6
5
85
150
40
181
17
1
7
25
4
4
1
4
7
3
3
26
195
4
43
6
16
4
10
3
79
141
1
94
16
48
5
4
1
25
1
196
6
29
17
30
195
6
51
1
7
26
0
8
15
181
92
143
4
0
6
26
1
16
5
25
1
17
18
0
0
0
3
6
28
6
56
62
0
1
6
19
53
23
27
113
27
4
61
0
15
35
6
35
0
17
4
8
70
17
6
26
0
16
4
22
8
61
5
35
25
25
6
1
7
6
10
99
59
168
0
16
4
17
7
0
99
147
128
113
28
137
143
0
1
8
106
58
54
79
7
42
42
113
0
6
1
66
54
4
44
73
184
3
0
55
40
3
27
99
3
4
15
1
121
0
6
62
53
10
1
1
118
140
27
3
147
54
4
66
8
1
1
1
35
0
12
107
6
136
7
40
10
94
1
7
1
0
26
55
112
73
1
1
3
6
1
26
1
8
77
10
1
50
25
12
77
27
6
69
30
0
25
4
3
9
7
129
3
9
115
1
26
0
64
13
100
1
0
19
123
3
0
1
11
35
23
78
70
16
53
0
6
25
1
82
3
130
24
7
7
13
98
8
28
44
48
175
1
4
10
7
150
133
4
6
4
85
10
137
28
6
159
27
17
6
24
16
27
1
163
0
10
165
85
10
17
9
29
4
79
113
186
35
1
58
28
0
10
9
85
1
107
156
9
10
1
6
35
7
25
21
3
52
1
0
1
23
10
1
94
16
7
140
35
3
27
7
9
0
0
4
35
7
106
14
107
195
1
12
0
104
3
3
3
62
85
4
10
176
18
16
7
3
109
139
27
1
49
66
0
52
6
26
105
56
15
81
6
107
26
73
6
6
27
7
36
3
26
35
106
26
143
24
3
94
16
2
113
7
6
4
0
66
77
28
0
126
19
81
181
6
136
137
27
16
25
5
6
25
72
176
1
1
185
1
93
42
3
6
95
6
77
126
0
48
149
9
61
7
156
0
149
4
157
1
0
4
19
26
146
10
70
182
8
1
4
9
25
144
0
150
32
19
62
127
4
0
25
7
55
21
27
3
147
5
6
1
19
6
106
194
64
80
70
138
1
163
5
25
42
7
0
0
77
1
40
21
21
10
3
30
4
4
27
146
16
79
23
10
6
12
136
25
6
15
63
44
0
17
100
54
64
68
1
30
19
25
1
187
12
173
4
66
194
157
108
4
0
19
26
17
6
7
4
30
1
4
7
4
3
6
0
29
50
96
82
113
17
84
0
0
4
7
105
0
106
7
25
7
1
6
4
64
1
0
1
74
54
50
73
57
35
115
0
50
10
122
140
40
7
2
194
46
4
6
10
16
98
113
26
9
17
98
93
