7
181
7
1
69
0
10
10
10
61
0
35
136
22
17
28
0
0
16
1
42
23
16
8
4
185
10
50
7
7
8
1
4
16
1
17
0
30
28
1
26
4
10
10
4
25
0
26
9
28
1
19
10
55
16
4
0
4
0
35
121
4
68
16
17
1
6
1
12
28
136
4
0
0
0
3
0
1
0
0
0
6
53
1
0
25
6
44
113
7
0
4
6
30
140
0
21
1
1
5
5
7
21
0
28
54
10
12
7
79
3
54
3
113
10
4
12
12
96
4
184
136
81
1
0
4
3
16
62
5
181
0
6
25
22
24
1
28
15
42
28
4
10
4
193
53
50
1
4
147
10
17
1
38
35
1
27
149
18
18
0
8
30
16
28
27
58
4
1
18
2
6
50
4
1
9
62
17
7
0
9
8
15
48
27
16
1
149
7
1
102
0
4
1
12
6
7
12
10
150
4
19
22
4
7
10
4
8
68
10
0
9
8
26
7
10
136
0
8
4
1
16
7
4
5
1
3
53
4
3
8
4
6
4
0
6
9
6
17
6
10
131
3
0
3
4
10
3
0
32
7
40
19
30
36
4
21
2
44
9
33
4
121
25
1
4
136
3
14
5
80
0
3
3
1
5
0
10
0
26
1
30
6
26
112
3
22
26
16
16
12
8
4
25
16
1
1
61
4
50
9
4
12
0
47
28
16
0
14
7
56
8
10
25
135
10
22
1
19
25
17
17
0
3
0
113
40
7
50
4
7
0
9
4
12
7
0
27
6
22
112
28
0
132
1
4
16
10
10
137
18
23
1
73
6
9
6
113
6
12
66
3
12
1
10
18
120
6
25
0
6
8
147
66
6
7
25
8
18
16
3
28
4
4
3
3
7
7
0
17
26
64
1
4
39
0
107
6
5
6
28
40
21
19
1
7
25
4
4
1
4
7
3
3
26
39
6
43
6
16
4
10
3
7
16
1
7
16
6
5
4
1
25
1
27
6
29
4
30
39
6
15
1
7
26
0
8
15
181
92
143
4
0
6
26
1
16
3
1
1
17
2
0
0
0
3
6
28
4
8
62
0
1
6
19
53
23
27
113
6
4
61
0
15
35
6
35
0
17
7
1
7
16
6
26
0
16
4
1
14
61
1
35
1
25
26
1
7
6
10
99
59
17
0
6
4
17
7
0
99
17
4
113
28
8
140
0
1
8
188
58
54
0
7
1
42
4
25
6
1
26
50
4
44
73
134
4
0
55
40
3
0
99
3
4
15
1
121
3
6
62
53
10
1
1
118
140
0
3
30
54
4
66
8
1
1
1
0
0
12
28
6
136
7
40
10
94
1
7
1
0
26
26
0
73
1
1
3
6
1
26
1
8
77
10
1
0
25
12
35
0
6
69
30
0
0
4
3
9
7
1
3
9
27
6
1
0
7
10
100
1
3
19
123
3
0
1
11
35
23
78
70
16
53
0
1
25
1
30
3
130
24
7
7
1
35
8
28
44
18
175
1
4
10
7
28
123
4
6
95
30
10
137
0
6
1
27
17
6
24
16
1
1
6
0
10
165
6
10
17
9
26
4
79
4
186
1
1
58
28
0
10
9
6
1
1
156
9
20
1
6
8
7
25
12
3
16
1
0
3
0
10
1
7
16
0
140
35
3
27
7
9
0
0
4
35
7
17
14
163
12
1
12
0
104
3
3
44
62
85
4
10
40
18
16
16
3
53
139
27
1
1
66
0
9
6
26
28
56
15
81
6
1
3
1
6
6
27
7
1
3
1
35
17
26
6
1
16
94
16
2
113
6
6
4
0
4
77
28
0
121
22
81
12
6
26
137
27
16
0
5
6
25
12
40
1
1
25
1
93
8
3
6
0
6
1
121
0
6
1
9
0
7
156
0
113
4
1
1
0
4
19
26
146
10
70
182
8
1
4
9
25
144
0
28
10
19
62
121
4
0
25
7
6
21
0
4
1
5
6
1
4
6
106
12
0
80
70
138
1
19
5
25
1
7
0
0
1
1
40
17
21
10
0
30
4
28
0
0
16
7
23
10
6
12
26
66
6
15
16
1
0
17
100
0
28
6
1
30
19
25
1
8
12
0
4
7
12
157
6
4
0
19
26
0
6
7
4
30
1
0
7
4
3
6
0
29
50
96
30
113
17
10
0
0
4
7
28
0
1
7
25
1
1
6
0
10
1
0
1
74
50
0
1
4
6
16
0
10
10
157
62
40
7
5
12
1
4
6
10
16
6
113
26
9
17
25
93
