10
0
3
0
9
9
1
1
6
26
5
7
1
1
1
4
6
5
1
18
7
7
7
1
0
4
27
1
10
0
7
77
1
6
38
173
4
6
5
0
1
0
6
0
1
6
1
1
53
4
0
7
26
0
0
12
5
132
62
18
1
147
0
7
7
7
4
10
18
39
6
4
16
6
0
26
0
0
0
134
4
0
43
7
1
1
5
7
25
4
5
4
3
65
4
56
6
6
0
12
7
12
35
1
16
6
6
28
0
0
30
4
0
7
0
7
0
0
4
7
3
6
16
113
0
4
7
18
6
0
4
1
1
9
7
1
4
38
6
37
5
16
0
12
16
54
4
0
4
3
0
6
3
0
12
4
6
28
25
12
30
1
1
16
3
0
174
0
1
6
30
10
6
0
9
28
0
3
3
1
174
0
0
1
0
8
4
4
0
7
0
4
1
6
1
4
30
0
17
3
6
1
3
3
1
12
197
6
7
0
3
70
30
28
4
0
1
136
0
147
45
1
6
128
6
5
1
1
1
1
0
7
28
7
6
7
1
1
0
6
171
0
1
85
4
6
0
0
1
22
4
1
4
25
7
16
26
3
1
40
1
4
27
0
7
6
0
25
16
18
1
33
1
0
149
27
3
3
27
1
26
25
1
8
3
0
17
6
2
0
14
6
1
6
6
0
1
0
113
1
10
0
0
4
3
30
7
81
0
7
0
10
6
1
22
10
26
1
25
0
0
0
113
1
18
0
1
8
6
1
5
1
0
16
61
4
100
7
53
36
30
10
7
62
3
40
0
16
113
25
31
6
9
61
0
0
0
26
4
1
1
4
16
4
0
7
0
26
3
0
55
1
25
16
0
1
114
25
1
26
7
7
4
18
4
26
3
0
25
0
0
0
1
9
137
10
0
6
1
