1
0
1
10
16
4
194
6
0
19
16
17
4
7
0
4
18
7
6
7
0
3
3
3
3
9
0
8
6
1
17
7
7
25
4
0
6
4
17
10
35
3
3
7
3
15
9
17
6
35
7
26
7
6
0
4
169
6
1
5
4
0
6
1
1
16
0
16
6
0
6
0
1
1
58
10
3
9
6
9
27
7
4
4
3
1
7
1
0
1
8
3
6
0
7
4
35
3
1
53
3
0
17
6
12
4
1
1
4
0
4
8
1
26
26
25
8
7
7
3
4
1
1
30
0
1
6
0
0
4
1
5
18
1
4
6
7
1
3
26
0
8
4
0
1
6
16
17
1
0
10
1
1
8
1
10
4
4
1
0
3
1
16
0
0
9
0
1
4
35
0
0
12
1
1
0
6
1
7
6
0
6
1
4
6
10
3
25
5
0
6
19
1
4
53
16
0
4
4
4
4
16
3
7
3
3
6
1
4
26
16
1
1
7
0
7
7
0
22
7
4
53
6
0
1
1
6
0
1
26
3
16
7
18
7
18
16
0
5
6
10
0
0
1
4
4
0
4
1
9
0
16
8
1
9
0
1
1
17
7
19
1
17
16
7
6
1
0
0
1
3
7
7
4
3
4
8
7
1
14
0
1
6
0
7
4
0
7
53
10
3
3
4
6
4
25
0
1
16
1
6
10
0
53
0
4
18
1
7
6
27
1
7
30
0
4
4
0
0
14
10
3
16
0
3
1
16
3
4
0
42
0
7
4
0
0
7
7
18
9
27
10
7
1
8
10
1
7
5
6
4
1
25
3
4
0
4
0
7
12
0
25
26
4
0
1
16
44
0
7
27
10
7
3
4
6
1
0
10
4
15
5
7
27
0
0
1
7
16
0
7
6
6
26
10
6
6
1
0
6
12
25
10
111
1
1
9
7
1
6
12
10
70
10
66
16
0
3
0
16
35
3
6
53
1
16
27
0
6
0
3
6
6
25
8
7
4
16
0
4
17
0
4
0
0
4
10
1
0
3
1
4
6
4
107
1
27
0
0
12
17
0
15
7
0
17
12
0
16
0
4
0
1
19
17
0
134
8
4
4
0
4
1
9
4
25
0
7
7
3
7
6
42
6
6
0
7
1
4
4
10
0
15
1
0
85
17
18
3
0
7
6
22
35
7
7
4
0
7
3
7
8
0
25
0
1
27
3
0
4
4
7
42
40
17
26
1
19
0
1
6
10
0
1
0
1
0
15
6
0
10
10
8
7
6
4
10
1
10
25
12
0
7
1
1
0
1
0
4
10
1
10
10
1
8
3
1
3
16
14
4
0
19
7
3
10
0
0
7
17
1
44
6
1
4
0
4
12
0
0
4
14
2
1
1
4
4
7
7
5
1
4
7
0
0
0
3
6
0
7
0
17
17
3
0
4
3
3
4
0
17
4
16
4
16
7
16
1
1
4
6
7
7
3
4
45
0
1
1
1
3
4
19
5
129
7
44
7
4
42
3
7
18
3
1
4
0
4
3
0
8
4
7
0
0
4
0
85
17
4
6
1
1
2
6
0
3
0
3
0
6
35
6
26
0
4
8
0
22
25
10
6
0
10
17
0
35
1
3
7
6
25
16
4
1
17
7
0
6
0
4
7
10
7
35
1
6
0
4
4
16
0
1
4
3
5
7
7
6
17
0
18
7
0
18
0
7
4
6
16
7
3
4
6
1
0
0
0
6
3
6
4
0
7
0
4
4
7
1
35
4
6
6
4
17
0
10
4
1
6
35
0
1
4
3
7
0
4
10
1
3
1
1
10
7
1
7
7
44
0
42
3
4
6
1
8
6
10
35
1
1
1
0
12
1
10
25
19
25
1
0
6
3
0
0
0
1
26
1
0
4
3
1
10
4
1
0
1
3
0
7
6
4
1
4
1
6
6
10
0
6
3
0
0
1
0
14
3
4
3
16
6
0
35
7
16
6
3
27
10
0
30
28
1
10
7
7
1
19
4
12
1
1
6
0
0
0
25
1
0
16
0
4
7
4
6
1
22
1
6
6
85
0
4
0
18
3
4
1
1
1
35
7
25
1
6
6
0
7
12
0
1
44
12
53
4
7
6
10
0
6
16
1
12
1
1
1
0
12
6
126
1
14
7
4
9
0
1
1
19
35
0
4
0
6
4
0
10
0
7
0
4
35
1
15
30
3
9
7
7
1
7
4
4
10
3
4
26
7
1
6
16
7
7
0
25
4
6
18
3
4
1
1
3
0
0
1
26
0
6
