175
70
28
181
46
169
69
141
146
10
45
10
157
175
6
30
97
0
7
0
54
161
53
3
85
0
1
64
170
6
18
0
130
48
113
4
0
1
11
6
7
9
68
46
8
111
4
27
92
38
50
10
28
7
17
8
53
1
11
6
2
80
17
50
12
8
43
118
3
0
7
7
1
0
44
0
25
138
15
44
35
27
55
58
1
10
0
15
7
3
107
4
1
42
121
109
1
16
6
6
0
46
12
4
17
4
59
90
16
40
3
64
70
139
30
35
137
6
4
4
45
70
39
6
1
8
112
15
4
0
70
8
26
69
4
1
172
0
0
81
25
4
48
141
104
7
193
70
42
0
100
113
50
1
15
28
0
6
27
1
4
10
1
0
35
6
198
17
173
0
4
6
0
124
0
36
1
17
0
6
17
62
10
30
1
17
4
1
27
4
27
28
109
19
0
3
48
22
33
4
1
0
0
11
16
4
0
174
28
6
2
106
10
1
113
61
0
1
92
26
77
64
15
18
118
40
35
4
23
113
0
16
156
174
17
7
0
10
9
7
5
8
5
1
64
0
15
6
85
1
6
10
0
6
1
53
197
27
25
3
64
0
147
82
12
16
75
4
35
166
3
13
25
127
0
1
36
26
43
53
3
0
10
186
54
27
118
143
9
194
1
4
0
3
12
29
75
7
38
26
6
44
33
99
6
97
6
8
0
97
7
100
6
130
169
4
3
7
0
1
11
47
0
4
7
6
71
99
60
5
0
26
10
27
42
7
3
113
10
113
32
152
9
10
25
57
17
80
96
0
79
7
1
0
40
35
192
14
16
8
8
6
53
3
1
44
3
27
3
0
0
1
7
1
6
1
4
58
5
73
6
8
39
0
1
3
26
61
1
75
1
105
39
6
16
6
0
12
161
7
10
3
40
25
196
11
3
0
6
14
140
3
1
192
61
8
33
57
1
6
135
27
11
26
140
169
0
19
4
1
0
0
25
55
5
43
3
6
96
8
70
4
149
19
70
126
36
90
1
77
1
9
4
0
25
1
0
70
4
28
9
1
3
6
1
6
10
8
54
16
19
157
9
4
119
100
77
0
195
53
0
19
25
36
134
113
140
3
12
4
20
7
4
106
33
6
66
107
0
5
4
63
30
25
107
4
175
30
111
21
10
6
16
32
0
33
112
1
54
0
18
26
6
0
22
12
66
7
35
25
29
11
111
7
37
30
3
22
16
22
25
4
25
7
3
53
43
95
4
95
1
11
6
16
27
6
6
6
56
1
135
123
42
10
1
6
8
99
9
9
53
8
4
188
25
1
16
4
4
7
7
1
78
15
1
101
107
4
148
7
30
7
17
1
25
1
137
188
70
64
28
0
22
40
26
99
6
107
9
187
47
77
85
0
186
186
3
115
4
9
28
1
9
111
1
121
28
7
18
1
181
134
4
26
30
6
82
7
107
167
1
3
1
0
4
4
16
18
26
4
107
35
42
3
7
122
4
3
92
0
4
4
4
8
1
81
10
25
150
1
0
3
0
12
9
10
123
35
6
114
197
3
4
7
4
48
177
30
0
30
4
99
27
5
16
26
6
18
28
4
8
112
7
66
0
7
43
4
74
10
143
101
53
0
9
8
15
6
9
175
112
6
3
16
30
0
0
15
70
44
4
4
6
0
42
1
23
7
143
6
1
70
3
4
4
3
6
8
30
134
25
1
9
6
25
0
85
76
3
4
194
31
4
0
17
54
147
19
5
0
6
3
61
6
0
79
1
0
3
6
5
10
55
22
4
17
25
6
134
7
152
1
25
62
26
6
9
12
3
37
99
6
6
1
4
8
28
53
4
50
169
6
1
25
12
66
3
0
3
137
25
7
5
0
173
4
1
1
3
130
52
113
27
1
15
135
70
0
40
16
0
4
1
25
196
4
7
50
193
16
39
0
10
193
7
18
42
147
110
16
146
100
25
0
113
21
25
1
132
175
4
53
139
155
17
25
163
7
19
3
0
172
0
8
172
1
6
7
4
7
3
0
105
187
26
1
62
0
42
129
7
4
4
7
3
32
0
94
57
13
0
10
22
26
54
0
168
115
22
10
81
15
7
26
68
17
26
187
85
28
22
81
6
7
168
143
66
1
1
3
54
3
151
121
172
4
0
1
0
19
16
9
19
28
89
105
4
17
4
30
0
11
134
12
0
27
1
9
7
23
5
113
7
1
16
12
4
3
128
22
4
1
25
40
20
69
27
0
17
6
10
15
117
128
55
9
30
15
