8
7
4
4
4
6
6
3
3
55
15
3
11
23
3
3
3
8
25
3
2
3
11
7
3
3
6
11
3
11
4
6
2
3
7
3
3
4
6
8
8
3
8
8
3
7
4
6
2
3
3
4
3
6
7
6
3
3
3
8
8
15
11
36
7
6
3
6
3
25
6
11
16
6
6
8
3
6
4
3
25
3
6
7
3
3
3
6
3
4
3
15
23
36
6
3
3
6
6
3
16
4
6
23
4
4
12
36
15
3
15
6
23
3
3
3
16
6
3
6
23
4
3
7
7
3
48
3
16
23
15
15
23
12
15
13
15
16
3
3
6
23
3
3
6
3
7
6
3
7
3
4
3
4
3
3
23
3
7
7
3
15
2
3
6
3
3
6
7
4
3
3
8
11
6
39
3
3
39
6
3
4
4
15
3
3
15
3
3
3
3
2
39
3
7
3
3
3
6
6
3
3
3
3
3
36
3
3
4
23
3
3
4
3
6
7
15
15
48
15
3
3
3
3
23
23
23
16
4
4
3
7
3
3
4
6
3
7
3
4
15
4
39
8
4
3
3
15
23
6
7
4
55
15
3
8
12
3
6
3
6
39
3
2
3
11
4
3
12
3
3
7
3
11
6
4
3
4
7
36
6
3
4
6
3
3
6
3
15
3
39
3
3
3
3
3
23
3
3
3
8
3
15
4
15
6
15
15
6
3
28
3
3
6
39
4
6
28
8
67
7
7
23
3
23
6
15
3
6
3
3
3
15
23
3
16
4
16
7
15
3
4
3
23
3
3
6
3
3
3
6
7
6
3
2
16
4
3
3
3
16
12
7
3
3
3
16
16
6
11
3
2
3
4
3
3
3
3
3
3
7
3
15
8
16
6
3
3
39
15
3
4
4
4
3
3
7
3
4
6
3
3
11
4
4
12
15
3
16
3
4
4
4
8
25
8
6
4
3
16
2
6
11
2
11
8
39
67
8
15
4
4
3
3
3
39
39
