396
209
466
328
328
109
466
466
328
60
466
314
68
109
466
0
209
308
466
192
162
191
204
143
348
348
290
237
237
393
32
355
355
32
404
262
230
499
499
243
480
174
335
486
218
8
174
499
452
355
252
172
359
177
183
174
230
362
262
243
318
8
183
318
254
183
230
404
486
8
281
377
349
497
31
300
203
42
377
248
317
66
402
476
42
221
31
248
497
121
221
42
31
279
344
5
292
344
437
320
9
437
48
414
43
321
320
280
48
224
224
437
130
320
43
220
43
242
1
242
188
392
405
90
294
391
11
498
380
11
313
45
211
417
334
11
498
334
294
294
195
34
195
251
313
211
76
458
469
357
87
27
87
295
93
236
357
33
97
463
337
87
357
310
116
438
33
101
492
464
453
293
384
131
131
473
473
161
23
75
139
131
95
75
75
473
131
89
161
464
494
241
126
126
136
94
399
223
201
433
157
255
222
482
255
482
255
104
158
482
442
214
343
343
132
265
265
484
435
354
