396
496
460
328
328
109
249
476
327
209
460
361
74
109
466
0
219
308
461
453
162
191
468
143
59
254
267
217
237
482
400
448
270
32
280
99
91
270
362
357
480
277
182
172
487
250
174
362
113
355
252
5
359
29
440
254
33
377
262
408
250
339
203
103
9
44
143
270
196
160
239
288
373
229
31
199
313
237
353
69
107
66
377
476
406
322
31
254
409
458
446
118
31
234
152
280
292
306
437
320
23
437
48
486
379
9
361
280
91
484
410
437
130
317
266
490
148
309
293
90
428
388
410
388
294
161
294
313
428
379
197
469
452
78
334
228
498
10
197
391
195
201
146
251
313
197
251
458
221
218
87
27
390
225
445
236
438
141
97
135
337
87
110
139
116
438
438
105
356
397
387
96
5
216
33
483
101
161
269
16
139
131
95
16
267
483
79
138
161
41
494
118
413
239
408
114
399
223
201
436
203
86
367
350
156
487
350
101
484
290
442
214
322
278
97
265
265
145
58
426
