209
308
200
347
209
232
466
68
19
436
276
249
276
276
481
168
173
19
56
19
328
227
209
217
286
0
232
232
249
232
205
466
0
286
446
227
56
209
436
208
460
19
148
68
209
454
209
314
209
19
341
19
19
208
493
18
60
436
19
436
19
327
276
276
493
232
209
109
204
278
192
440
237
297
238
237
440
237
162
162
278
204
106
164
364
324
440
486
8
17
32
177
174
170
452
8
29
425
480
174
193
166
202
499
218
2
124
206
32
174
206
281
206
452
166
8
400
262
262
499
355
296
218
225
29
448
206
252
202
425
17
486
230
172
400
400
2
296
400
29
499
400
207
193
62
32
44
193
400
8
62
30
193
174
218
206
107
360
248
349
349
81
358
26
26
360
497
248
13
415
306
248
248
402
459
81
66
70
70
107
248
416
81
349
402
81
349
180
300
107
248
107
379
26
81
402
301
301
379
344
153
61
240
9
153
381
437
22
344
275
61
275
9
381
127
320
414
495
212
495
61
292
212
270
344
292
414
267
9
212
220
468
270
321
292
22
153
220
395
395
9
292
280
495
5
292
381
292
22
344
437
437
437
292
240
22
280
414
61
117
267
420
495
212
320
48
428
242
103
76
11
11
11
197
103
311
332
334
417
10
197
477
39
197
309
11
429
498
389
103
429
39
498
39
372
64
33
186
372
96
236
298
96
83
298
463
469
73
33
226
87
97
226
369
236
260
390
295
186
469
236
226
469
438
310
93
27
110
83
139
312
269
453
464
473
293
473
79
382
293
473
131
133
473
233
89
245
89
23
54
54
23
473
443
373
473
473
473
444
36
483
140
397
23
23
36
473
289
23
373
89
140
340
239
421
421
421
118
411
413
291
413
239
450
239
421
239
413
244
201
24
433
244
433
433
261
201
350
433
261
201
244
442
201
433
442
322
343
343
322
112
322
78
274
59
250
132
250
435
132
178
250
145
475
356
354
475
145
82
354
250
134
82
354
345
145
258
