228
397
32
316
12
6
454
115
36
475
382
221
17
32
64
11
36
87
130
27
181
25
109
87
4
31
7
3
3
409
5
286
48
39
118
271
99
150
162
3
11
109
4
12
3
34
23
54
3
48
3
5
4
60
7
3
3
270
5
7
3
48
9
4
45
421
350
353
328
3
322
109
39
3
293
74
335
39
13
80
52
11
10
30
69
33
30
23
11
249
43
107
3
110
73
66
24
109
9
469
174
344
350
475
36
60
5
100
3
239
3
39
6
28
5
306
23
16
19
5
3
29
139
5
440
33
131
8
38
39
4
12
10
11
3
16
39
337
10
3
3
184
3
87
95
6
33
437
421
110
145
5
254
3
130
3
123
344
16
3
16
3
254
3
55
157
7
109
483
12
3
34
179
0
0
60
4
90
16
25
85
3
33
32
237
42
256
16
140
16
23
8
148
26
6
4
58
394
9
393
3
30
118
313
31
7
33
101
68
337
17
2
8
80
9
4
41
3
76
3
