6
23
6
4
3
15
3
3
36
4
2
3
12
7
7
11
2
3
6
3
6
7
3
3
3
3
15
3
12
4
6
3
11
11
47
6
7
36
3
3
11
3
15
3
3
15
23
3
3
11
4
4
3
3
39
3
4
15
6
12
4
11
6
7
6
65
39
4
3
7
3
3
11
3
3
16
335
11
11
6
8
11
7
4
3
3
4
23
11
3
15
55
3
110
6
3
7
3
7
65
6
6
39
4
3
3
4
7
3
3
3
39
7
28
4
4
23
16
3
15
3
15
3
6
8
3
54
3
15
11
3
6
7
11
8
3
11
6
6
3
3
4
4
3
6
6
3
11
11
16
11
6
3
3
6
3
3
6
16
3
3
3
3
3
3
15
3
3
3
6
3
15
15
3
3
3
4
6
16
25
55
3
3
6
16
3
3
12
11
3
23
7
16
3
4
3
6
11
6
39
7
12
23
39
3
4
3
3
3
6
15
2
8
6
7
7
4
3
3
3
