46
24
11
23
21
5
33
33
27
44
39
31
4
15
33
53
53
49
3
53
28
45
28
47
24
12
14
46
19
4
22
29
33
50
1
23
30
20
2
0
33
1
42
6
15
9
24
46
1
11
12
16
36
16
25
53
3
46
1
43
34
41
7
51
32
42
43
36
37
3
13
39
51
0
44
39
20
19
0
36
40
47
24
12
19
27
25
8
43
3
6
32
37
43
19
52
7
52
48
47
42
39
34
16
40
14
16
9
49
4
36
39
36
47
36
40
27
6
17
35
24
22
14
44
5
50
10
38
10
3
20
30
33
32
12
28
4
2
45
41
42
12
38
27
23
40
50
30
8
53
41
49
34
45
4
22
7
13
45
22
18
42
3
18
25
12
54
50
48
3
41
46
32
26
53
36
6
34
43
2
45
37
48
17
24
42
34
12
10
36
8
29
7
52
23
36
26
49
29
39
53
3
31
41
7
8
9
5
19
11
39
33
38
10
9
18
33
11
42
40
5
30
46
19
37
9
10
2
7
49
31
40
42
52
26
8
31
35
30
53
35
39
25
38
28
47
53
3
35
12
33
6
43
5
0
48
54
2
12
22
42
39
11
35
39
29
50
44
44
27
31
39
34
31
