7
24
11
23
21
5
36
33
27
44
39
31
4
52
36
12
20
49
3
41
28
45
28
47
37
12
14
46
19
44
22
51
33
50
1
23
30
20
2
0
49
1
42
17
15
9
24
46
1
11
12
16
36
16
25
53
3
46
1
45
34
31
7
51
22
42
43
36
37
3
13
42
51
2
44
39
54
19
0
36
40
47
21
12
19
27
48
8
43
3
6
32
37
43
19
52
7
36
48
47
50
39
34
16
40
14
16
9
49
4
36
39
36
47
36
49
50
6
17
35
24
3
14
44
5
50
10
38
10
3
20
23
33
32
37
28
4
2
45
41
42
12
38
42
23
40
48
30
8
53
31
49
34
45
43
22
24
13
45
22
18
42
3
18
25
39
54
42
48
3
41
46
32
26
53
36
30
16
43
3
45
37
48
17
24
42
34
36
10
33
8
29
7
52
23
36
26
40
29
23
53
3
8
41
7
8
9
5
19
11
39
33
38
48
9
18
33
11
42
40
17
30
14
19
45
9
10
2
7
49
31
49
42
52
26
8
7
35
30
53
32
39
25
38
28
47
53
3
35
12
36
6
43
5
0
48
54
2
12
22
42
39
11
35
39
29
51
26
43
27
31
21
34
31
