6
23
32
4
3
6
3
16
36
4
2
3
8
32
7
11
36
3
130
3
6
25
3
3
3
3
15
3
28
4
5
3
48
39
47
6
7
0
3
3
11
3
15
3
3
15
23
3
3
48
4
5
3
3
39
3
4
15
5
67
4
48
9
7
6
65
39
4
3
7
3
3
39
3
3
16
172
11
13
6
52
11
7
30
3
3
30
23
11
3
43
55
3
110
6
3
7
3
9
65
6
6
39
4
3
3
5
7
3
3
3
39
4
28
5
4
23
16
3
6
3
29
3
6
12
3
54
3
67
39
3
16
10
11
3
3
39
6
6
3
3
4
4
3
6
6
3
48
11
16
11
5
3
3
6
3
3
6
16
3
3
3
3
3
3
116
3
3
3
6
3
34
15
3
3
3
4
6
16
25
55
3
3
32
109
3
3
12
11
3
23
8
16
3
4
3
6
39
9
39
44
2
47
39
3
4
3
3
3
6
15
2
8
80
7
7
4
3
3
3
