88
8
99
7
50
32
344
139
3
23
394
60
11
23
3
3
3
3
494
3
372
3
34
11
109
55
174
11
473
11
17
64
11
8
24
27
26
3
417
8
285
249
29
52
60
7
23
337
3
33
284
475
3
6
325
113
26
3
55
8
107
179
203
218
4
2
3
3
106
25
124
39
6
32
338
52
239
2
3
413
25
3
4
3
3
3
59
15
3
326
26
22
7
11
344
26
19
376
288
3
3
23
9
30
35
23
282
109
172
0
15
45
291
109
110
0
98
320
3
59
397
4
70
62
8
54
48
54
120
23
23
29
317
12
22
13
7
134
8
0
163
23
3
109
15
3
10
5
123
10
483
6
3
5
76
69
92
278
11
3
83
6
6
19
10
48
281
10
169
6
26
274
24
11
125
39
56
83
39
344
343
142
3
264
19
26
29
475
60
300
18
393
39
60
108
322
165
3
4
73
33
3
4
7
11
109
26
139
17
23
60
0
6
3
80
9
6
34
156
7
33
483
483
3
346
7
188
407
17
205
226
179
3
12
42
32
83
169
74
415
15
23
203
261
7
411
7
34
371
73
23
234
50
315
3
244
3
354
80
0
2
39
454
11
0
11
184
3
144
3
7
108
19
11
2
374
68
40
22
36
80
3
41
376
7
3
45
26
34
22
39
60
26
76
7
3
118
7
3
239
3
3
15
3
34
9
103
367
45
19
28
110
87
58
39
450
437
28
52
484
25
397
23
68
23
5
29
60
124
454
253
83
6
23
16
98
3
3
180
6
106
115
22
397
60
3
190
11
4
164
288
34
32
3
3
16
7
4
239
3
110
3
44
19
343
106
134
3
80
28
54
3
7
4
3
18
16
26
26
110
100
33
23
8
3
6
110
19
39
22
239
30
5
30
26
8
2
12
4
174
3
19
3
42
353
137
22
36
310
76
316
184
2
3
25
48
5
6
83
16
4
495
48
393
25
52
39
319
48
6
3
3
3
60
109
39
216
