93
481
200
347
60
232
413
66
189
104
276
29
148
116
84
168
250
283
56
359
328
466
253
82
286
0
328
1
249
481
354
413
0
251
446
466
56
195
485
208
460
189
110
68
209
454
327
259
209
359
341
19
359
106
255
18
146
436
283
260
189
275
353
434
493
466
60
109
167
106
233
218
237
297
185
325
192
237
418
439
278
192
106
321
370
120
251
104
88
170
32
177
174
170
254
8
46
176
480
174
113
8
434
203
218
441
124
335
448
243
499
282
206
62
339
462
183
290
399
477
355
296
377
281
29
29
300
393
107
425
17
489
33
486
400
74
243
122
400
387
477
124
25
113
188
32
44
288
220
88
30
487
4
174
393
206
199
123
445
430
430
81
415
26
26
300
35
339
13
229
184
248
245
306
459
42
112
70
269
159
248
214
300
349
316
86
349
180
371
180
476
50
161
26
81
316
36
121
437
344
326
152
162
211
410
381
326
22
344
376
377
159
9
314
150
320
156
23
146
338
384
99
43
125
344
275
389
407
144
398
128
363
144
114
61
383
153
220
302
398
9
374
299
250
5
163
83
127
146
190
110
401
159
6
362
366
211
244
402
143
16
266
495
393
319
414
346
242
405
347
61
61
14
313
103
332
264
10
412
51
197
363
203
197
309
313
436
242
211
302
434
242
156
242
372
64
33
135
391
96
137
372
76
83
101
142
469
96
33
226
220
60
226
137
137
73
220
175
220
347
236
226
372
310
310
93
445
310
83
139
245
269
401
494
238
443
75
23
453
443
84
131
444
139
291
113
245
432
397
259
54
285
483
83
373
23
483
473
188
301
248
233
397
269
250
16
343
138
269
464
278
244
450
239
447
421
28
136
411
408
118
408
239
450
239
114
239
408
222
302
420
433
244
461
266
261
255
350
179
261
201
244
442
202
253
442
343
78
343
322
112
343
210
325
59
291
399
317
234
132
178
391
242
475
323
234
211
374
265
426
52
67
387
241
77
401
325
