8
8
99
17
4
32
6
3
3
107
103
3
11
23
3
3
3
8
36
3
65
3
34
11
3
3
6
11
3
11
17
64
188
3
24
3
3
4
6
8
8
3
29
48
3
7
4
6
2
3
3
4
3
6
7
6
3
3
3
8
107
179
39
36
7
2
3
3
3
25
6
39
9
32
6
52
3
6
4
3
25
3
6
3
3
3
3
6
3
4
3
22
8
2
6
3
3
6
6
3
16
23
9
23
4
23
282
36
15
3
15
6
23
3
3
3
98
6
3
6
23
4
3
7
8
3
48
3
120
23
23
29
23
12
22
13
8
16
3
3
6
23
3
3
6
3
10
5
3
7
3
4
3
4
3
3
23
3
11
3
3
43
2
3
6
3
3
10
7
4
3
3
24
11
125
39
3
3
39
6
3
4
4
29
3
3
29
3
3
13
3
30
39
3
7
3
3
3
6
6
3
3
3
3
3
373
3
3
17
23
3
3
4
3
6
7
15
34
65
7
3
3
3
3
23
23
188
16
17
4
3
7
3
3
4
32
3
7
3
4
15
4
42
24
7
3
3
15
67
6
23
4
26
15
3
52
3
3
80
3
2
39
3
2
3
11
4
3
20
3
3
7
3
11
6
4
3
4
22
36
6
3
4
6
3
3
6
3
34
3
39
3
3
3
3
3
23
3
3
3
52
3
15
4
15
9
6
15
6
3
28
3
3
6
39
4
5
28
52
67
7
23
23
3
23
5
15
3
6
3
3
3
67
23
3
98
3
3
25
6
3
4
3
188
3
3
6
3
3
3
6
34
6
3
2
16
7
3
3
3
25
8
44
3
3
3
16
3
6
28
3
3
3
4
3
3
3
3
3
3
7
3
23
8
3
6
3
3
39
22
3
30
4
30
3
3
93
16
4
6
3
3
11
4
4
144
22
3
16
3
4
4
2
52
25
48
5
4
3
16
30
6
39
30
48
8
39
67
48
15
4
4
3
3
3
39
39
