3
19
2
31
28
1
44
26
36
7
33
45
2
26
38
1
1
21
34
5
8
22
43
30
43
12
29
2
36
7
34
15
40
2
8
26
7
43
2
57
26
44
22
8
28
13
22
42
32
38
2
26
13
28
2
36
6
8
33
47
26
36
33
40
8
3
26
19
7
38
36
8
29
26
2
2
52
26
7
8
36
3
33
32
52
30
44
2
34
26
8
7
7
12
43
13
32
22
3
29
24
43
22
34
13
4
34
34
8
7
45
26
1
2
36
3
3
3
26
15
47
21
4
4
8
28
32
33
34
8
33
2
28
44
11
15
2
43
22
2
44
5
33
8
12
32
31
30
52
43
30
38
19
2
30
12
7
33
13
3
40
22
16
8
26
28
34
38
1
45
41
2
33
22
34
12
32
22
28
13
8
38
2
22
4
22
7
28
29
15
33
31
34
1
0
29
2
36
26
1
38
2
4
24
38
44
22
33
26
4
26
22
22
30
1
13
9
43
2
21
12
7
34
22
33
36
1
38
2
7
44
44
38
4
22
38
24
3
0
45
5
12
40
30
43
8
5
2
52
3
33
44
5
38
26
32
30
24
4
22
7
5
8
32
2
31
2
29
1
28
29
13
8
43
8
2
11
33
30
29
8
44
21
7
22
38
8
30
38
29
44
33
16
45
26
36
29
33
28
31
28
8
32
30
4
38
46
7
26
38
