1
0
16
6
6
1
6
0
16
0
16
1
30
30
9
1
1
0
5
0
5
31
1
6
16
30
16
16
16
30
6
16
0
9
5
6
9
16
6
16
31
9
5
30
30
6
31
16
6
5
6
5
0
9
31
31
5
16
5
5
9
5
9
6
30
9
16
9
16
6
1
16
1
0
1
6
18
18
17
43
43
44
38
59
32
33
33
44
58
59
59
18
44
45
32
45
17
58
43
17
44
43
38
32
59
33
40
59
59
60
58
32
58
56
33
46
58
32
33
38
44
38
46
59
46
46
43
42
43
38
46
33
44
4
42
39
17
38
45
33
43
4
44
43
42
43
18
32
60
32
38
2
60
2
40
59
60
59
4
60
17
38
43
17
40
46
42
60
56
43
58
18
39
32
43
17
59
17
59
44
58
45
40
2
18
17
40
39
40
33
43
56
60
59
60
17
43
58
60
60
18
56
42
17
18
59
2
42
32
40
58
43
46
32
59
40
59
46
38
56
32
33
32
38
59
44
59
40
17
40
34
36
52
52
48
48
34
48
3
22
37
23
36
54
53
54
23
23
34
52
3
53
23
34
22
48
34
52
52
53
23
41
22
37
36
41
23
53
22
36
22
48
53
3
54
47
48
48
54
53
34
47
22
53
54
48
52
34
52
52
48
36
22
22
54
52
48
37
48
52
48
47
41
34
34
22
41
41
47
52
37
36
41
23
3
52
23
47
22
48
22
23
23
52
37
37
3
48
52
53
52
48
36
52
36
48
53
36
52
54
22
3
22
34
52
36
52
52
52
22
52
34
48
23
19
12
19
12
21
19
12
21
57
19
57
20
12
21
20
21
57
57
20
12
13
13
13
12
19
20
13
12
19
13
57
57
13
20
19
12
13
19
13
13
12
12
21
12
21
19
19
57
13
20
21
12
12
21
21
12
19
19
19
13
13
19
21
57
19
10
10
50
27
14
55
61
29
35
10
51
50
61
35
27
61
14
51
35
28
14
24
35
25
28
11
35
28
10
27
10
29
35
29
51
27
7
14
7
61
14
29
11
10
25
24
10
14
25
55
14
10
8
24
26
28
51
35
8
7
10
27
29
10
29
14
25
61
50
28
26
26
29
29
14
29
15
7
24
25
10
27
14
11
14
8
35
51
7
29
61
24
10
14
14
7
14
55
55
29
28
51
55
26
24
10
7
25
27
11
29
50
10
10
27
25
25
28
14
51
61
11
55
10
26
51
25
28
35
14
10
29
29
29
7
14
27
50
29
25
51
50
7
26
29
7
51
10
51
28
10
11
7
10
11
51
51
26
27
51
7
61
14
15
29
7
27
55
