1
0
16
16
16
6
1
5
30
1
9
30
16
5
1
1
6
1
9
16
9
31
6
0
16
5
5
16
9
6
0
16
5
31
0
9
31
30
16
16
0
30
9
31
16
0
30
31
16
30
0
31
6
16
9
16
6
16
0
30
16
0
31
5
30
5
30
30
1
0
31
9
42
39
60
43
33
2
44
60
44
38
39
43
40
18
44
33
18
2
46
18
33
40
38
17
40
32
42
58
2
38
32
17
33
18
2
46
32
38
33
18
2
33
60
33
18
43
46
58
4
56
33
56
42
56
33
40
40
58
46
38
45
33
43
18
4
56
2
18
38
42
46
38
46
33
38
58
18
42
39
46
33
4
33
2
18
40
45
4
18
33
32
38
33
42
56
2
56
56
56
42
56
46
32
40
60
33
33
45
38
33
2
18
32
18
18
38
46
38
60
33
46
33
32
40
44
38
42
58
18
2
46
4
60
42
46
39
60
17
17
42
18
32
40
60
44
43
18
38
2
58
58
38
43
2
42
44
58
45
45
60
58
17
40
42
33
38
58
45
43
18
45
44
58
58
58
42
23
53
23
53
48
34
22
53
23
53
23
3
23
53
22
53
34
22
22
52
34
48
52
23
22
22
3
37
52
23
48
22
36
34
34
41
41
34
41
41
54
53
34
41
22
3
22
23
34
34
47
22
3
54
41
47
23
22
41
34
47
22
48
48
22
23
52
52
41
54
41
22
36
3
22
36
3
53
37
3
23
53
48
54
3
34
34
34
53
36
52
37
34
48
23
41
53
3
53
48
3
34
34
34
22
22
52
3
54
34
53
23
53
48
52
54
22
3
36
19
13
20
12
19
21
57
12
13
20
57
20
21
12
19
21
20
20
21
57
12
20
19
13
57
20
19
20
19
12
12
13
19
19
21
20
20
13
57
13
57
20
20
21
19
19
12
19
21
20
21
21
12
20
20
20
13
19
19
13
20
12
14
51
11
24
8
7
8
8
14
10
29
27
51
8
7
24
26
15
14
8
24
28
11
10
24
55
10
15
15
27
51
29
8
10
29
8
26
8
7
24
8
14
35
50
25
25
29
27
15
61
15
27
26
24
27
10
7
15
11
8
26
15
14
28
24
11
11
10
14
14
24
8
25
24
7
7
51
7
25
7
8
24
28
15
7
15
24
28
51
8
8
28
11
11
11
10
11
14
61
26
11
28
55
27
28
7
8
14
50
7
25
24
25
8
26
14
29
15
10
24
7
28
61
8
10
26
29
55
28
29
25
14
29
28
55
10
55
7
25
11
26
25
15
61
8
28
27
27
10
28
7
24
24
27
25
25
14
24
10
27
27
24
11
27
8
26
10
29
25
27
8
29
14
7
55
14
29
11
15
29
14
10
27
14
7
27
8
14
10
14
51
