9
1
1
30
30
1
5
16
31
9
1
16
5
0
30
0
31
30
6
31
6
1
6
30
16
5
5
5
6
16
30
6
16
6
9
16
5
9
1
6
16
5
9
30
0
6
16
6
0
5
5
31
5
16
6
6
6
0
31
0
6
6
6
16
30
6
32
38
60
42
44
4
2
58
40
46
45
32
59
59
39
17
45
58
2
60
58
18
18
18
40
39
43
4
18
17
4
58
38
60
33
58
4
45
59
59
4
60
58
2
4
43
18
2
60
44
58
44
32
43
46
40
40
58
33
38
17
43
45
38
46
44
18
2
2
42
60
46
4
45
17
4
39
45
38
33
58
40
32
32
58
43
2
42
17
60
33
32
45
18
45
38
32
38
4
58
44
2
44
32
17
45
39
42
39
60
60
58
38
2
60
60
45
40
60
18
40
40
39
59
4
4
42
2
44
45
43
44
43
2
45
38
42
46
33
38
42
42
39
32
42
39
46
33
58
43
56
60
44
39
44
59
46
2
43
59
46
60
58
43
32
59
33
32
42
60
56
2
39
43
43
38
32
32
60
18
33
58
39
43
44
33
60
40
23
22
47
53
54
34
36
3
41
47
23
54
41
37
52
53
47
23
41
54
3
47
23
34
36
34
23
54
3
48
3
23
41
48
22
54
36
54
36
54
53
48
41
41
36
54
34
41
54
41
3
37
23
41
54
23
54
48
22
3
52
34
41
37
22
34
37
53
34
41
37
23
36
41
54
53
41
23
34
53
54
54
23
3
3
41
47
41
47
3
3
36
36
48
36
36
3
3
41
47
36
48
36
36
37
12
12
19
57
12
21
13
20
12
12
19
19
19
21
13
19
21
12
19
57
19
19
21
21
12
19
12
21
21
13
12
21
21
12
19
19
12
19
12
21
19
12
19
57
13
13
19
13
12
20
13
19
12
21
21
20
21
13
12
13
21
21
21
19
20
19
20
57
13
19
57
19
57
19
13
13
57
13
12
19
20
57
12
29
49
51
10
15
49
29
15
15
51
61
49
7
50
50
35
7
28
50
61
35
49
51
15
51
26
29
15
29
15
27
35
27
8
49
29
10
14
8
28
61
35
49
28
27
50
7
51
24
25
55
11
29
50
27
61
10
8
29
27
35
55
10
14
27
35
51
14
15
11
55
15
55
14
26
14
14
14
26
11
28
29
14
15
29
7
10
51
24
24
55
8
29
29
7
28
8
35
11
35
35
24
55
61
50
10
8
7
11
28
29
51
14
7
26
8
8
24
8
24
50
25
29
15
61
8
28
49
35
14
28
14
29
10
8
35
8
25
49
14
14
55
15
51
28
28
27
8
25
26
28
51
49
51
7
15
35
35
14
27
8
10
24
25
25
35
26
15
35
35
7
29
26
27
35
24
28
50
