1
3
17
6
21
1
12
3
16
0
12
1
11
8
9
1
45
0
5
30
5
31
3
20
16
41
0
16
18
31
8
16
0
11
5
36
11
5
47
31
31
29
19
57
11
47
12
3
6
5
6
32
0
57
12
31
5
16
6
5
30
5
31
42
8
30
18
50
16
21
2
17
15
0
1
41
44
56
21
43
60
42
2
59
52
33
43
39
58
56
59
18
39
45
19
45
2
17
17
19
44
2
16
32
60
46
40
58
56
60
58
4
58
59
33
46
60
1
2
52
42
38
39
56
33
39
44
36
43
38
46
38
34
3
20
36
58
38
32
41
40
4
18
42
42
32
18
6
39
18
38
2
59
18
3
59
58
58
38
4
16
40
39
0
40
0
5
56
18
52
58
18
39
44
58
58
56
17
56
60
58
43
40
52
56
32
4
33
40
45
44
17
3
56
60
19
40
58
33
58
60
56
34
16
18
59
2
42
34
20
58
44
46
32
60
39
59
0
32
58
3
42
46
38
59
33
59
39
43
40
34
36
36
43
48
44
34
48
40
22
57
54
36
54
53
2
18
16
39
54
0
53
23
47
45
22
52
39
45
21
23
41
48
23
45
19
23
53
22
36
22
48
41
40
40
46
3
48
54
12
0
33
22
48
47
48
1
60
48
39
42
44
20
22
54
52
34
37
39
52
53
47
46
34
34
22
41
41
52
39
54
36
45
23
36
36
37
13
22
54
40
23
53
52
37
23
3
1
52
3
52
48
36
53
22
40
33
17
36
54
22
32
22
34
52
4
36
52
36
20
36
34
54
37
32
6
32
19
31
19
21
31
20
42
9
16
2
36
8
41
57
13
2
21
8
21
13
41
47
34
13
6
19
45
60
12
30
20
36
57
13
19
13
30
9
38
53
30
57
19
19
20
13
20
33
57
31
48
47
29
32
21
48
53
12
0
41
37
4
9
8
10
27
13
26
35
10
35
24
49
24
61
35
51
15
7
31
35
26
14
26
35
27
28
7
35
51
9
35
9
14
35
35
51
51
7
15
14
24
14
24
11
51
25
49
14
7
57
35
8
10
8
24
26
57
50
51
14
9
24
61
29
24
28
31
35
61
28
28
26
26
29
27
14
9
15
14
24
25
10
28
50
15
11
38
35
50
7
29
25
24
10
15
15
7
8
35
29
29
29
24
55
29
24
10
7
35
27
9
18
50
10
8
26
57
50
28
12
57
28
15
61
50
14
29
35
27
24
29
51
28
14
51
15
14
26
9
11
25
10
14
7
14
28
7
61
10
51
51
51
15
7
14
15
27
51
61
27
28
30
27
15
57
14
10
27
55
