9
16
5
16
0
30
6
31
0
5
0
16
1
31
1
6
9
16
30
6
16
31
30
5
0
0
0
5
5
31
1
6
30
16
1
16
6
31
31
1
0
31
0
16
16
6
5
6
5
6
0
5
6
16
1
31
6
1
16
6
30
16
16
9
0
1
6
31
0
30
16
30
16
31
6
30
39
18
2
32
58
58
56
2
42
39
18
17
40
38
2
39
45
33
45
43
58
4
42
60
42
58
46
59
40
39
60
32
59
58
2
33
4
18
33
4
46
39
40
2
18
43
39
46
18
42
39
59
59
2
2
17
33
45
45
4
32
39
45
18
18
40
60
45
18
45
59
46
45
33
39
44
18
40
45
4
58
2
40
17
18
2
18
2
45
59
33
38
32
38
46
56
40
42
45
33
42
4
18
45
4
59
39
42
18
45
18
38
32
59
56
17
46
44
39
4
40
18
42
2
58
39
40
39
39
58
45
40
17
42
2
45
18
45
42
59
32
46
18
45
4
42
59
38
18
32
39
38
59
33
38
18
38
58
44
33
18
43
32
4
59
59
58
39
58
42
44
17
39
45
59
17
38
42
32
32
56
45
39
18
4
2
18
60
39
2
18
42
45
47
22
47
47
36
52
34
36
37
3
36
48
36
36
47
53
23
37
48
23
41
36
34
41
36
52
36
47
53
37
48
53
36
41
36
53
22
52
36
37
41
36
23
37
54
23
52
41
37
41
3
47
36
23
34
41
47
48
47
41
37
36
36
36
36
36
23
22
36
48
48
48
22
34
48
34
52
41
48
3
37
53
41
47
53
48
53
36
47
48
34
37
37
23
48
47
41
47
48
36
23
23
36
22
36
3
48
3
41
48
3
22
37
21
12
20
20
20
12
19
21
12
19
19
20
21
57
57
20
21
13
57
57
13
57
13
57
21
13
19
21
19
13
20
21
12
12
21
13
19
20
21
19
13
57
20
20
19
20
20
20
49
51
28
7
15
29
51
14
15
11
29
10
10
29
49
29
55
7
50
24
8
11
29
55
15
10
14
29
8
49
49
26
14
26
35
50
14
29
29
26
61
29
28
35
51
14
61
29
14
15
26
29
24
24
8
61
10
28
7
29
27
28
14
7
28
51
29
8
14
61
29
61
28
7
15
26
14
49
14
49
10
28
15
15
26
29
29
14
61
8
10
51
7
7
28
28
49
35
29
51
24
28
51
61
61
49
29
8
7
29
51
14
26
28
15
7
61
51
28
49
15
25
26
15
15
49
26
61
26
7
29
26
25
55
61
7
14
29
14
8
49
7
14
49
51
49
28
61
26
29
11
29
49
28
7
7
49
29
24
26
61
29
26
10
8
10
28
15
50
14
50
29
7
7
29
15
15
14
25
61
29
61
51
29
51
26
49
14
10
14
