30
1
16
30
2
1
5
16
31
9
16
16
30
1
11
0
31
30
6
31
6
1
6
9
17
5
0
5
31
16
30
6
5
6
9
16
30
9
1
0
0
5
10
11
0
16
16
6
0
30
0
30
2
18
6
0
6
0
31
1
6
31
31
16
30
31
32
38
60
56
59
4
46
43
39
46
45
32
60
39
39
17
40
58
2
60
46
17
18
18
40
39
43
52
39
17
4
17
38
60
33
58
4
45
56
56
20
44
43
2
4
43
18
4
60
59
38
56
16
42
46
40
40
40
33
39
17
43
32
39
46
59
59
46
56
56
59
46
4
45
17
4
38
45
33
39
58
40
40
32
42
39
43
46
17
60
33
32
45
18
32
39
6
38
4
17
18
48
18
19
17
40
60
44
56
59
43
42
38
2
44
56
43
40
18
59
32
38
42
56
4
4
56
46
44
45
43
44
18
2
45
39
42
59
17
38
4
56
39
16
38
56
4
33
17
60
59
44
59
39
56
33
46
2
48
59
46
59
17
17
32
42
33
32
42
59
42
2
38
58
32
38
45
17
18
18
39
58
39
43
59
18
60
40
37
37
21
53
54
34
54
48
41
47
34
36
41
23
52
53
47
23
41
36
3
47
37
53
54
34
33
3
48
3
3
23
41
39
22
54
54
54
52
36
53
3
45
47
54
36
34
41
36
41
48
37
37
41
36
23
54
3
23
3
52
53
41
37
22
34
37
45
53
34
22
22
54
41
36
22
41
47
34
53
54
22
23
48
48
47
47
41
52
47
48
54
54
3
36
36
3
3
52
47
54
3
52
54
22
31
49
0
13
6
19
13
20
12
9
19
19
19
20
48
48
21
51
19
61
32
20
48
20
9
23
57
20
21
57
12
21
48
12
20
34
19
48
12
21
12
32
6
13
13
53
0
13
12
20
13
17
12
21
3
19
21
20
12
13
21
21
21
19
21
20
20
61
53
47
20
19
28
20
21
13
57
8
12
33
20
61
8
61
49
29
10
15
49
61
15
15
61
61
61
51
11
28
14
50
61
50
61
35
27
10
27
55
26
29
35
29
61
7
55
29
10
49
27
11
27
24
28
28
55
49
61
28
28
49
49
35
25
55
30
57
7
15
57
7
55
25
51
24
35
10
30
7
55
29
15
15
11
25
11
55
14
26
15
15
26
26
50
61
29
27
15
29
7
10
7
14
24
24
10
61
35
7
61
51
35
11
35
24
24
26
57
10
8
9
7
11
57
28
51
24
49
26
11
14
24
7
35
28
25
29
15
27
10
61
49
24
14
61
14
27
49
8
55
9
25
49
25
14
35
15
7
61
57
7
11
27
15
28
7
49
51
51
9
51
25
27
29
51
13
29
25
25
15
55
15
24
35
28
28
26
29
55
24
28
11
