40
43
7
22
15
47
33
33
26
32
44
13
36
3
42
7
43
8
36
28
4
33
38
38
26
36
7
24
3
3
22
2
45
1
34
2
43
36
26
22
41
44
28
7
8
32
16
26
26
33
22
28
5
26
38
47
24
1
15
44
1
26
44
44
40
16
3
17
26
41
22
33
4
28
36
22
19
13
13
4
13
7
7
36
26
34
1
34
40
2
22
13
22
24
29
33
7
22
7
44
2
15
38
28
13
30
6
1
22
3
38
8
8
45
26
3
9
34
26
32
30
6
3
26
52
16
34
8
4
13
2
29
13
28
28
5
15
30
28
22
15
38
22
7
29
33
7
4
33
16
29
28
7
33
29
26
46
1
30
2
26
26
30
1
15
4
6
22
26
7
12
43
2
26
15
34
45
8
1
38
7
43
22
42
36
15
36
43
8
15
3
26
9
22
32
26
5
3
8
12
30
32
28
3
2
12
8
24
22
22
26
12
17
43
8
52
21
38
7
2
33
26
38
8
41
8
1
38
19
33
28
40
38
8
47
44
38
32
4
47
1
28
28
1
31
26
7
8
30
38
44
26
38
29
43
26
26
22
2
52
28
26
2
4
6
36
34
38
21
28
33
8
43
7
22
21
13
22
26
8
2
15
8
32
38
26
26
8
36
4
33
7
2
22
38
30
43
26
2
38
2
12
24
30
3
44
8
34
4
32
13
1
24
32
22
26
7
6
15
38
28
38
3
46
41
15
8
4
28
21
47
40
24
38
12
6
1
44
45
44
21
36
52
3
8
17
43
26
22
33
28
5
7
16
26
44
7
17
38
36
26
22
26
8
47
36
28
8
33
33
4
19
1
28
3
33
15
38
44
7
28
34
8
13
33
1
7
30
7
1
5
12
29
8
15
29
21
4
38
22
28
34
2
13
2
7
7
8
1
28
30
15
32
2
1
28
15
3
21
28
26
1
3
6
30
4
8
43
26
38
2
34
22
12
38
43
33
15
38
45
2
2
2
42
15
4
47
14
8
15
30
45
33
21
26
12
3
16
19
44
46
13
8
21
22
22
28
22
13
13
36
16
21
2
26
8
2
46
28
12
38
26
38
2
33
33
30
8
22
33
29
5
24
30
36
36
28
33
22
7
34
30
7
43
2
15
28
6
1
38
19
36
43
15
44
7
21
5
32
8
2
38
8
2
30
20
47
1
38
22
31
8
19
38
44
47
32
16
28
15
38
52
44
45
46
21
7
26
3
1
41
52
3
36
14
40
13
2
7
47
4
2
1
28
6
8
22
32
4
12
38
3
38
12
30
5
33
22
38
45
36
13
44
32
29
38
4
8
2
36
8
28
4
22
2
44
43
1
46
36
7
22
3
12
7
32
52
15
2
34
34
26
1
32
3
28
28
0
1
3
