31
31
0
5
31
35
31
9
6
12
26
9
15
30
17
6
31
26
6
3
0
30
16
16
0
17
31
6
31
9
6
9
0
6
11
31
30
6
5
5
9
6
16
5
16
31
6
5
9
30
6
16
6
0
0
5
0
31
31
0
0
31
50
1
6
0
30
6
16
31
15
5
6
1
6
12
1
30
31
5
0
44
33
1
33
38
44
59
59
33
56
59
33
56
56
17
59
33
56
32
43
60
18
18
42
2
18
33
18
40
33
17
46
56
39
59
32
4
45
38
40
2
48
60
32
43
18
38
32
42
59
39
18
20
39
2
38
2
44
2
39
46
44
18
44
56
38
4
17
45
18
45
46
4
39
44
44
40
45
38
4
2
4
44
59
58
43
40
46
18
43
18
44
17
46
45
4
43
46
32
58
56
38
2
39
39
16
0
17
38
39
17
19
59
43
58
43
33
44
4
1
18
43
32
42
4
18
42
4
45
39
58
46
45
19
59
58
40
40
60
40
42
42
38
17
18
42
46
1
42
60
56
40
40
2
40
38
16
36
46
4
39
42
59
2
46
44
18
17
58
44
60
40
58
38
33
38
22
45
54
21
3
23
53
22
3
18
3
3
34
19
21
48
48
36
45
19
48
3
3
54
32
37
20
44
37
37
0
54
23
43
23
3
37
3
48
2
15
1
58
37
22
54
22
53
36
41
23
34
23
52
36
54
3
46
19
45
58
34
34
37
3
36
52
53
20
58
41
54
33
41
0
41
59
47
22
42
34
47
22
1
22
34
45
22
45
48
52
5
20
33
20
22
21
54
16
47
45
34
45
20
23
18
41
52
33
41
48
54
6
47
48
2
54
36
36
52
41
20
54
21
19
47
22
0
34
51
36
32
58
32
47
32
20
41
52
52
52
52
47
48
34
36
32
36
52
22
12
19
13
19
12
10
57
21
57
33
27
28
57
20
8
10
21
51
24
12
12
20
4
57
12
20
28
20
13
57
57
29
21
57
26
12
61
57
57
50
57
55
19
57
21
20
61
8
15
51
49
8
28
14
24
15
11
8
57
14
61
50
24
11
27
61
27
25
25
26
7
30
24
11
10
51
8
24
26
24
51
50
55
49
61
11
15
29
26
10
10
25
26
24
50
29
11
14
15
26
27
25
11
50
9
55
15
61
35
15
25
57
28
24
57
8
27
11
27
35
15
26
28
27
49
25
50
7
10
11
35
49
7
51
15
7
50
24
10
35
11
24
55
7
15
10
15
55
26
9
10
10
8
28
25
27
10
29
8
14
61
26
55
14
26
11
24
9
25
61
49
49
10
27
24
61
50
26
9
24
8
26
7
61
10
25
61
35
8
7
15
11
35
15
8
26
29
8
15
50
29
9
7
35
26
55
30
10
55
11
12
25
49
