31
31
1
5
30
9
31
9
6
6
9
9
30
30
16
9
9
9
6
1
0
30
5
16
0
16
31
6
31
6
6
6
6
6
9
30
30
6
5
31
30
6
5
5
16
30
6
1
9
30
6
0
6
0
1
5
0
31
31
0
0
5
30
1
6
0
30
6
16
31
5
30
5
1
6
16
0
30
31
6
0
60
33
2
33
39
44
43
59
33
2
56
4
60
59
32
59
56
32
32
60
44
18
44
42
42
18
33
60
40
2
32
2
59
38
44
32
4
45
39
40
2
45
60
32
46
4
43
17
58
43
42
60
2
38
2
38
56
60
40
38
2
59
59
59
58
39
4
17
45
18
45
46
4
58
4
44
43
45
39
4
42
39
59
56
58
58
56
46
33
43
18
60
17
46
45
4
43
43
32
44
44
38
2
39
38
58
45
58
39
39
17
45
44
58
45
43
56
44
38
4
44
58
32
40
44
56
39
4
45
39
58
46
45
42
59
58
40
45
59
40
44
56
39
17
60
42
46
56
44
44
56
43
40
2
59
39
58
43
46
4
45
42
59
43
59
59
60
2
58
44
44
45
43
39
56
38
22
22
36
48
3
37
53
23
47
52
48
48
41
53
53
48
3
54
23
34
48
48
3
54
23
37
48
3
53
22
37
36
23
48
22
3
37
3
22
3
53
22
23
53
37
52
22
53
36
41
22
34
22
53
36
23
48
36
48
48
47
3
48
37
48
54
52
22
3
22
41
54
34
3
54
52
52
47
22
52
34
47
53
48
22
23
37
22
54
48
52
47
41
52
53
22
3
54
54
47
53
48
53
54
23
52
41
36
48
41
48
54
54
47
3
52
36
54
36
52
41
22
36
3
47
47
53
48
48
48
54
47
48
47
47
3
53
41
3
52
52
52
22
48
41
36
41
36
52
37
12
19
13
19
12
12
57
13
57
13
57
57
57
20
57
12
20
57
57
12
12
20
20
13
12
20
57
20
57
57
57
57
21
57
57
13
57
57
57
57
13
13
13
57
20
12
61
8
11
51
51
8
29
50
24
11
10
8
24
14
29
10
14
11
29
25
51
24
51
26
50
8
25
50
50
49
8
24
15
26
7
15
29
51
28
50
15
29
14
11
10
24
55
29
50
51
35
27
35
35
50
35
11
50
50
55
15
61
24
11
50
28
28
10
28
50
29
50
14
50
15
35
28
51
7
26
50
7
10
11
35
7
7
29
27
7
11
35
51
35
11
24
51
35
10
8
8
25
26
10
51
10
51
51
50
14
50
29
8
35
51
26
35
14
26
50
11
35
24
28
50
8
8
27
26
61
11
35
15
27
8
26
8
61
29
24
27
29
14
29
35
10
26
15
8
26
29
8
15
14
29
10
7
35
55
24
15
10
35
50
10
50
49
