30
30
9
5
0
30
5
30
5
30
16
1
30
40
43
44
40
40
44
40
39
60
44
46
40
44
18
40
40
2
46
40
39
2
18
18
60
46
46
18
2
40
45
18
46
46
40
39
2
46
39
40
40
44
60
2
44
40
46
46
60
2
39
17
4
39
46
46
44
39
38
40
46
2
60
46
18
2
60
2
39
39
44
46
60
18
60
44
46
2
40
60
46
46
2
18
17
60
4
60
46
40
60
46
18
40
45
46
42
46
46
44
44
46
2
44
43
60
2
40
40
40
44
40
44
44
2
40
18
46
2
4
46
2
40
44
60
18
46
44
2
40
58
46
2
45
40
17
2
4
41
34
3
41
41
23
41
23
34
52
23
41
3
36
41
36
3
41
36
3
36
36
23
41
41
22
41
36
3
41
53
23
41
19
13
12
12
57
12
57
12
12
12
12
57
12
12
57
12
19
57
57
13
12
12
12
12
12
57
12
12
12
57
21
12
12
19
12
57
12
12
12
12
12
57
57
19
19
13
57
57
12
12
12
57
57
12
57
19
12
21
12
19
21
12
12
12
12
12
21
57
13
13
12
57
57
57
19
12
57
57
12
12
20
57
12
12
13
13
12
12
57
12
19
12
19
12
12
57
12
12
57
19
21
19
19
13
21
12
19
12
12
12
57
12
12
15
7
15
24
7
24
15
24
24
8
24
24
15
15
