0
9
6
0
6
30
6
30
16
1
6
0
5
6
6
6
31
30
31
0
30
31
16
31
9
5
6
6
6
30
5
6
6
16
30
31
1
6
16
6
30
5
30
0
5
1
16
0
1
0
9
0
0
30
1
1
1
6
6
31
5
0
5
30
6
5
6
31
0
9
1
16
16
32
32
38
60
33
43
33
4
42
58
32
44
32
4
32
42
42
2
44
56
45
42
46
4
18
43
2
45
56
17
58
60
17
42
60
45
18
60
42
38
43
44
43
18
58
42
42
38
44
17
33
38
32
38
58
32
32
58
39
42
39
2
60
40
2
43
38
60
56
60
39
43
58
46
17
17
32
43
39
60
33
43
32
2
60
33
4
58
38
58
40
46
60
56
38
2
56
58
38
60
58
2
44
38
42
2
4
33
46
38
18
4
32
58
58
4
40
4
60
43
44
17
2
43
32
42
17
42
32
39
32
17
56
38
60
2
58
18
42
2
39
4
42
2
32
38
33
46
32
42
60
39
4
60
42
58
46
33
56
60
38
42
60
32
56
39
39
58
44
43
2
58
2
42
4
60
32
4
45
4
46
46
58
56
32
33
46
32
32
58
40
42
60
33
42
42
17
46
60
42
39
44
43
43
37
54
41
54
48
41
52
53
48
54
34
52
54
23
3
37
41
3
41
53
48
37
41
37
54
37
37
48
34
54
52
41
41
41
3
41
53
36
3
41
36
3
36
34
3
37
53
41
34
34
48
53
53
53
53
47
54
23
48
37
54
3
52
41
48
3
36
37
53
36
53
34
3
41
34
22
52
53
53
22
37
54
37
22
41
37
22
52
52
34
41
37
41
23
52
53
41
37
52
3
36
34
37
54
48
22
22
53
48
3
53
41
22
41
23
22
53
54
53
20
57
20
20
57
57
12
20
57
19
57
20
21
57
13
21
57
12
21
13
19
13
57
21
12
57
19
19
20
19
19
12
20
57
21
12
57
12
12
12
12
20
21
13
19
12
21
57
13
21
20
19
13
57
55
50
8
11
27
24
49
11
27
8
28
29
50
10
55
15
27
8
8
15
7
28
15
28
15
14
15
50
28
15
7
28
50
7
61
25
28
8
35
14
49
11
51
11
55
8
35
15
7
35
26
50
15
14
25
50
26
61
14
14
24
50
24
8
27
51
8
14
11
61
35
11
28
11
26
28
27
55
11
28
55
51
28
51
14
8
14
51
11
28
8
29
10
25
7
35
27
51
51
50
11
8
51
7
26
15
8
24
14
35
15
7
7
14
35
50
15
28
26
51
61
26
14
51
27
28
35
14
28
61
15
50
24
61
7
11
25
26
10
10
27
14
51
24
14
24
27
50
25
49
11
10
10
51
28
55
26
7
50
25
26
8
15
28
50
50
61
35
26
14
