0
9
6
0
6
30
6
30
18
1
6
0
5
1
6
6
31
30
31
0
31
31
16
30
9
5
6
6
31
11
5
6
6
16
50
31
1
6
16
6
11
5
30
0
5
1
16
0
1
0
9
0
0
30
1
1
16
6
6
31
5
0
5
11
6
5
6
31
0
9
1
17
16
32
32
39
60
40
43
33
2
39
43
40
36
32
4
40
56
22
42
44
42
45
59
46
4
60
44
2
45
39
16
58
18
32
39
60
45
60
44
42
38
58
46
58
18
43
18
42
40
59
17
33
39
19
33
40
32
32
58
44
56
56
46
59
40
2
13
39
44
44
59
38
58
58
2
16
17
32
43
38
59
33
17
16
2
60
33
4
58
38
42
40
45
60
54
38
2
60
18
38
59
43
2
56
39
46
2
11
40
46
38
18
30
19
42
58
30
40
4
60
43
33
32
13
58
40
17
32
56
20
40
32
17
56
38
42
45
58
16
42
36
39
4
44
2
32
38
59
46
40
42
56
39
47
18
56
58
46
13
42
18
37
42
60
32
18
39
38
58
40
58
46
43
45
56
1
60
40
13
45
47
46
46
58
59
32
44
46
32
32
58
40
60
42
13
38
52
16
46
59
38
33
44
43
40
47
36
36
54
37
41
34
37
37
54
34
36
54
22
48
22
48
48
41
13
53
22
34
23
36
23
23
48
19
54
52
47
41
41
59
34
53
36
48
41
36
3
54
34
48
22
34
41
20
34
3
53
53
53
53
47
54
22
48
22
23
41
56
41
48
48
54
22
53
36
19
23
48
34
41
22
52
53
53
22
22
36
23
34
34
22
23
52
52
34
34
23
41
23
52
53
36
23
52
48
36
34
23
54
41
54
22
53
34
48
53
41
23
41
37
22
53
54
53
19
12
21
20
57
57
19
20
13
20
57
21
53
28
19
21
28
19
53
12
12
12
57
21
12
61
19
19
21
32
19
9
21
28
21
12
26
19
9
6
12
20
21
57
12
12
21
57
57
20
20
19
13
25
26
51
8
50
29
24
49
11
28
24
57
29
10
14
55
27
7
10
11
15
49
61
9
28
29
14
15
7
28
15
27
29
29
49
61
25
28
14
35
24
49
11
7
50
35
8
7
15
51
35
26
50
15
24
25
50
26
24
14
24
24
35
24
8
27
24
29
27
50
26
55
10
14
50
35
26
29
35
11
28
49
51
61
51
28
14
57
51
15
61
8
29
8
25
51
35
29
24
7
51
50
51
7
49
26
9
51
35
14
35
15
11
49
7
25
50
15
28
27
7
51
26
29
51
25
61
35
10
29
61
9
7
35
61
51
9
25
35
50
10
29
51
7
24
14
26
24
9
25
29
30
7
50
7
26
55
26
51
11
25
35
7
15
61
11
31
61
24
55
14
