31
5
16
1
1
5
9
1
6
9
30
1
16
30
31
31
16
0
12
31
31
1
0
6
30
1
1
16
5
30
5
0
5
9
6
9
30
31
16
31
30
40
44
33
20
56
45
17
43
12
2
40
43
43
60
56
17
56
42
20
33
33
40
56
60
2
33
59
42
43
32
43
4
21
45
42
4
4
33
33
60
18
2
43
46
60
40
32
43
38
18
60
32
42
45
59
18
32
56
40
33
56
42
46
38
59
40
4
17
2
33
38
56
44
44
4
60
45
43
43
45
18
58
56
17
4
32
44
44
43
56
33
60
38
58
60
33
32
40
32
4
42
46
38
48
45
37
54
22
53
22
54
47
54
41
54
52
47
47
52
41
23
3
23
41
41
54
3
3
47
45
37
52
48
36
34
41
22
34
22
23
53
41
54
52
37
37
23
23
36
52
22
48
52
48
37
22
36
20
21
21
57
13
19
6
12
21
13
20
21
19
12
19
12
13
13
13
20
12
20
12
13
20
12
28
24
49
25
8
30
27
49
9
55
49
26
10
25
55
61
49
26
10
26
51
29
26
25
49
49
24
11
7
27
27
24
8
51
25
26
26
10
25
50
61
50
15
14
11
49
10
35
28
57
8
7
28
27
15
29
26
24
25
27
9
49
7
24
8
26
50
24
7
8
27
61
27
9
11
27
10
24
10
27
55
29
25
35
50
26
