40
2
7
22
15
47
33
2
24
40
2
34
36
3
38
28
43
8
36
28
4
33
52
38
24
36
7
28
3
3
22
2
45
6
34
41
2
36
26
22
34
38
28
7
8
32
1
26
26
38
22
28
5
26
38
47
24
6
15
38
6
26
38
38
40
5
34
0
26
41
22
33
4
28
22
22
19
13
13
4
53
7
7
36
26
34
1
34
40
38
22
32
34
24
29
33
29
22
29
44
2
15
38
28
13
30
6
1
22
3
38
8
8
22
26
47
9
34
26
32
8
6
3
26
52
18
34
7
4
13
2
29
13
28
28
3
28
8
24
22
29
38
22
7
29
33
7
38
33
5
29
28
7
2
29
26
46
1
30
2
26
28
30
1
15
4
6
22
26
7
8
2
2
26
15
34
45
8
1
38
24
43
22
38
36
15
36
43
8
15
3
26
15
22
32
24
5
3
8
6
15
32
24
3
2
12
8
29
22
22
26
6
32
43
14
52
34
38
7
38
33
26
38
8
41
8
6
43
34
2
28
40
38
8
34
2
38
32
4
47
1
28
28
1
31
26
29
8
6
38
2
26
38
29
2
26
26
22
2
34
26
26
21
4
6
36
34
38
21
28
33
28
43
7
22
21
3
22
26
8
2
24
8
32
38
26
26
8
36
2
2
26
2
22
38
8
43
26
2
38
2
12
24
30
3
38
15
34
4
43
13
6
24
32
22
26
7
6
15
2
28
38
3
2
41
26
9
33
28
21
47
38
24
38
32
6
1
38
45
38
21
36
33
3
8
16
2
26
22
33
29
5
7
0
26
33
7
43
38
36
26
22
26
8
47
36
28
8
33
33
6
19
1
24
3
33
15
38
2
7
28
34
14
8
38
1
7
15
7
1
36
12
29
8
15
29
34
4
38
22
28
34
2
8
2
7
29
15
1
28
30
15
6
2
1
28
28
3
21
28
29
1
3
6
30
4
8
43
26
38
2
34
22
12
38
43
33
15
38
45
2
2
2
2
15
33
47
26
8
15
30
45
33
21
26
12
3
5
19
38
2
13
8
21
22
22
28
22
13
13
36
17
21
2
26
8
2
2
28
19
38
28
38
2
2
33
7
8
22
2
29
6
24
30
0
36
28
33
22
7
34
11
7
2
2
15
28
6
6
38
34
41
43
15
44
7
21
12
32
8
2
38
7
2
30
20
47
1
2
22
31
7
2
38
33
47
32
5
28
15
38
52
2
2
46
21
7
26
3
1
34
52
3
36
28
2
34
2
7
47
2
2
3
28
6
7
22
6
4
19
38
3
38
12
30
5
33
22
38
45
36
13
38
40
29
38
4
8
2
36
8
28
31
34
2
33
0
1
2
36
7
36
3
8
28
32
52
15
2
22
34
26
1
32
3
28
28
0
3
3
