7
36
15
36
33
8
12
8
12
32
57
8
57
32
34
32
17
22
2
33
8
8
2
2
8
32
52
1
30
32
8
33
32
1
32
1
8
13
30
8
36
38
32
16
13
12
8
13
2
15
38
1
8
12
1
12
30
34
38
36
2
30
33
3
22
8
4
36
30
17
1
8
2
38
15
0
32
1
8
30
4
1
2
32
18
53
36
22
8
2
38
4
15
8
8
33
8
13
8
32
4
13
8
0
4
32
13
1
36
1
34
2
8
13
7
15
45
26
32
13
7
32
33
15
30
45
7
4
4
38
13
31
15
2
33
38
8
4
13
8
15
26
4
8
33
15
22
4
1
34
34
8
0
36
8
15
13
57
1
8
30
28
2
38
1
13
34
4
4
18
45
38
22
13
57
4
13
8
44
18
8
7
32
4
30
38
33
12
36
38
1
8
2
30
13
38
2
8
8
28
8
17
4
57
22
30
2
31
45
57
45
8
4
32
19
8
38
3
45
30
44
2
22
0
8
1
22
0
13
1
2
36
18
30
17
38
36
13
2
2
4
13
38
8
8
13
34
38
38
30
5
1
44
13
3
32
18
8
13
38
1
8
26
13
22
22
4
4
4
31
2
38
2
34
22
4
17
33
8
2
8
36
4
8
13
13
1
7
12
13
2
8
1
45
30
1
4
32
7
8
2
8
57
1
4
3
22
7
22
38
7
15
1
7
8
19
22
36
7
36
36
45
15
8
4
45
22
57
14
4
12
8
7
2
38
38
8
34
13
8
1
13
13
30
12
15
8
45
3
4
0
15
33
13
2
31
15
1
1
13
28
4
33
8
32
8
38
2
1
32
3
36
57
34
8
13
8
3
31
8
3
33
15
4
8
15
13
38
4
1
30
8
8
32
2
3
4
8
1
15
8
4
42
57
15
7
33
13
30
2
22
44
8
38
15
15
4
22
13
14
45
33
47
17
15
1
13
8
17
8
4
4
8
8
1
13
8
36
1
4
8
40
33
6
32
8
8
38
12
30
28
13
17
7
45
7
33
46
1
13
2
4
13
2
32
12
1
34
1
2
4
35
60
4
13
1
13
32
8
34
4
22
7
13
34
22
13
38
8
4
38
13
7
1
3
28
15
13
3
15
8
2
30
44
15
30
3
1
8
1
22
38
8
7
18
45
32
38
36
8
30
8
38
30
32
36
15
8
2
8
36
4
3
2
12
36
38
36
3
12
4
4
13
17
8
1
8
8
3
33
15
15
4
4
1
32
8
30
8
36
13
4
33
7
2
17
4
28
30
43
17
44
1
34
16
38
5
36
44
3
8
0
32
3
57
22
38
22
2
19
6
44
45
33
4
4
4
36
30
2
8
2
44
45
19
18
8
43
8
2
9
12
12
33
30
13
38
30
43
3
