34
38
38
2
26
34
7
28
33
34
2
12
8
22
33
33
34
2
2
38
34
7
43
14
2
2
33
7
34
38
8
15
28
4
34
15
13
36
38
34
34
40
34
2
34
0
5
26
34
38
7
7
38
15
2
24
24
26
4
33
2
3
22
15
30
2
13
28
28
7
15
4
26
34
33
26
7
26
38
47
33
34
15
4
38
28
28
32
28
7
2
28
28
2
34
34
15
2
34
34
33
34
2
2
8
45
38
2
36
28
52
8
34
8
33
32
33
34
33
24
28
34
28
34
34
29
4
24
4
22
34
7
34
33
2
2
2
1
26
2
28
28
38
26
33
36
7
22
2
15
34
34
28
15
8
28
38
2
33
34
33
34
2
43
2
34
2
26
33
11
4
36
26
22
34
33
34
34
7
7
8
15
34
2
2
30
8
21
2
26
34
32
8
34
34
28
28
34
24
8
38
30
7
33
34
38
38
15
33
2
2
26
36
38
12
5
28
4
38
22
34
34
45
34
33
7
19
38
26
34
38
33
38
6
33
2
34
43
4
28
2
22
24
2
7
34
19
38
1
33
33
19
33
2
34
38
7
7
7
26
47
38
7
33
7
38
43
34
31
22
38
2
29
28
15
7
34
38
2
34
7
28
28
34
36
40
7
33
22
28
40
38
15
33
28
32
33
2
4
2
8
4
34
34
7
4
15
34
40
32
4
47
28
28
26
34
34
34
8
15
8
7
2
26
28
2
2
28
2
33
33
33
7
33
47
2
7
47
28
34
34
38
15
33
33
52
34
0
34
36
2
13
28
26
36
4
32
34
34
22
24
7
2
26
28
8
26
28
34
33
36
38
2
34
38
31
38
7
2
2
38
2
32
24
38
7
34
3
19
4
2
26
34
7
33
34
45
38
28
34
33
2
52
33
7
34
32
34
8
31
22
33
2
7
26
26
34
29
38
12
26
36
2
34
44
2
3
26
31
28
28
38
28
6
38
2
2
15
2
34
34
2
2
28
32
34
33
28
28
2
19
2
30
1
38
1
34
24
34
7
2
3
38
36
2
2
2
28
4
2
8
34
2
32
33
34
38
33
2
34
2
38
2
26
2
32
15
34
43
14
28
45
15
4
31
3
2
28
28
2
4
26
33
2
32
34
26
34
2
34
38
28
24
2
26
33
15
28
26
34
4
14
33
34
24
7
2
34
34
26
2
38
8
24
4
38
2
34
26
40
7
2
34
34
26
38
34
8
7
34
7
26
8
38
29
2
4
24
2
2
33
26
45
22
2
2
32
52
2
26
28
2
2
26
36
8
34
22
33
1
34
2
38
3
43
32
28
2
34
28
26
7
38
31
33
7
26
45
33
7
34
52
36
15
32
2
22
7
2
34
34
7
2
15
2
2
8
15
14
7
