3
19
2
30
15
1
44
15
36
7
4
45
2
26
38
1
1
21
34
5
8
22
17
30
44
19
15
2
22
7
34
30
33
2
8
57
8
43
2
57
28
44
22
30
15
13
38
38
32
44
2
35
13
7
2
36
12
8
33
3
15
36
4
40
8
3
26
19
7
38
46
8
28
26
2
2
38
15
7
8
36
3
33
1
52
30
44
42
34
8
8
8
7
12
43
13
32
22
3
57
7
43
22
34
13
4
34
34
8
8
45
15
4
2
36
4
3
4
15
15
3
21
4
4
8
28
32
33
45
30
33
18
57
44
11
8
2
43
22
2
44
32
33
8
12
17
31
30
38
43
4
38
19
17
30
12
7
44
13
3
38
22
17
8
26
28
34
38
1
34
3
2
18
22
34
12
32
45
57
13
8
38
2
22
4
53
8
28
15
15
4
30
3
1
1
7
44
22
25
1
38
2
4
14
38
44
22
33
8
4
7
22
36
30
5
13
9
43
2
34
19
13
19
22
33
36
1
38
2
7
44
44
38
4
22
38
7
3
36
34
1
12
45
30
17
8
31
45
52
3
33
36
5
38
8
16
30
8
4
22
7
1
8
32
44
9
44
15
1
15
7
13
8
43
8
2
30
33
30
28
8
44
21
28
22
38
8
12
4
15
36
4
16
2
15
36
7
33
28
30
8
8
32
30
4
38
46
8
15
38
