5
31
6
5
16
1
16
1
9
31
9
0
16
30
0
0
6
9
16
0
31
31
1
0
6
5
16
31
30
31
31
16
0
31
31
31
31
16
6
16
5
0
1
5
1
0
0
5
0
16
2
45
42
60
58
2
38
44
56
45
45
40
2
44
45
44
17
39
2
39
59
60
32
32
45
44
4
4
17
60
17
46
32
32
33
17
32
4
46
56
40
18
32
59
44
59
32
44
60
4
32
45
17
39
39
56
38
42
46
18
39
4
2
39
2
43
39
56
42
33
32
17
33
38
39
4
18
39
46
32
39
46
44
39
18
38
46
38
59
4
4
17
45
38
59
42
40
32
33
17
40
44
39
60
44
42
46
44
40
17
58
32
39
42
17
33
42
44
32
39
32
39
2
39
56
32
39
56
2
38
33
32
59
18
44
33
45
33
39
60
38
33
39
59
46
44
32
45
39
45
56
2
60
39
18
45
60
17
17
39
60
46
38
2
33
56
40
59
4
45
4
32
2
43
44
38
17
44
18
33
33
46
59
32
46
45
39
32
38
44
43
38
32
56
33
18
56
39
39
32
42
4
43
38
33
39
32
17
42
2
2
33
3
47
47
41
34
41
37
52
41
47
22
36
47
23
48
34
34
41
54
34
37
36
48
22
22
36
48
53
52
48
54
53
48
23
3
34
52
22
41
52
48
34
22
23
36
22
22
52
36
52
48
54
54
48
48
53
54
48
37
54
52
48
54
22
53
47
48
48
48
37
52
53
3
53
22
54
34
54
53
22
22
34
36
3
34
54
54
52
48
48
3
52
48
34
48
34
48
54
47
22
47
48
53
22
3
22
54
47
53
53
22
53
54
48
36
34
41
36
47
53
57
20
19
20
12
20
13
12
12
12
13
21
12
21
20
13
21
21
13
13
20
20
57
21
12
19
12
13
13
19
12
21
21
12
19
20
20
21
21
13
21
13
21
21
20
12
12
12
13
21
12
12
13
12
12
21
19
57
57
13
14
24
51
51
49
7
29
24
29
15
15
25
61
25
51
51
61
49
26
29
11
35
29
8
49
35
29
35
29
51
28
51
15
50
28
51
49
50
51
28
28
26
15
8
29
11
49
50
29
8
7
7
26
14
15
25
50
29
55
35
10
26
14
51
10
8
14
15
8
35
29
10
29
11
8
8
15
25
7
51
26
49
35
55
49
25
10
26
7
61
51
26
14
51
11
27
61
51
10
7
51
50
8
11
28
61
24
51
8
28
26
25
29
8
35
55
26
35
15
55
14
50
50
49
49
26
14
15
25
28
55
24
26
29
29
15
61
14
51
49
29
24
29
26
11
15
24
25
27
14
8
7
61
26
51
55
15
26
29
15
8
29
14
8
28
51
29
26
10
29
49
49
27
7
29
8
50
51
