36
17
38
33
8
12
13
57
13
34
16
32
13
36
33
36
44
2
4
2
19
30
1
8
2
33
4
8
13
4
8
13
30
13
13
13
13
32
4
34
22
2
13
43
45
1
1
8
21
4
8
8
38
12
2
8
13
8
1
44
2
13
45
30
30
33
13
30
57
4
8
30
30
4
30
30
8
8
4
32
33
13
30
30
4
30
8
32
30
13
32
13
8
22
34
45
4
4
13
36
33
13
2
32
8
5
38
2
30
57
38
13
2
8
33
32
4
1
36
8
13
32
57
13
13
13
4
13
1
22
22
13
3
13
2
13
43
1
30
13
30
30
4
8
4
5
8
22
44
30
12
1
8
8
8
13
4
4
4
19
4
13
4
2
2
53
2
30
43
30
4
33
13
36
44
33
34
19
8
8
8
30
4
30
6
4
13
13
4
7
12
31
30
33
13
8
57
45
8
30
33
30
8
33
36
2
33
8
33
43
13
8
0
17
12
5
30
4
4
13
32
44
45
33
13
13
8
38
30
45
0
4
4
1
13
44
36
32
4
13
4
22
57
17
13
13
13
4
12
36
18
12
17
4
2
44
8
8
8
13
3
45
13
13
8
4
32
3
13
22
4
13
13
8
30
12
1
4
46
0
12
30
57
2
36
32
13
4
45
57
32
4
8
4
57
8
13
4
30
33
8
13
34
19
30
4
8
34
44
32
4
32
30
30
8
1
22
13
30
31
13
13
34
8
8
44
2
13
4
30
13
4
8
33
4
1
13
32
8
13
22
38
30
4
1
38
36
16
33
0
22
13
13
30
36
30
30
36
13
22
8
30
32
13
13
13
8
8
32
13
0
2
2
1
33
30
42
8
33
30
32
2
32
13
44
13
13
4
12
30
32
30
22
8
4
19
32
4
30
45
13
4
33
36
8
4
12
22
8
12
34
17
13
31
12
57
1
8
36
12
8
36
16
32
44
45
4
8
15
30
8
4
8
31
2
2
1
31
33
34
34
4
4
13
32
3
13
8
30
32
13
1
30
8
30
1
13
15
13
13
4
13
4
36
2
43
32
13
4
4
30
36
4
43
4
13
2
13
2
2
4
38
2
8
32
32
8
4
2
8
13
13
13
8
12
4
4
30
13
18
30
30
13
2
30
4
8
13
4
3
38
8
30
2
30
44
8
8
57
1
4
8
33
8
8
8
44
1
12
7
2
43
13
8
4
38
2
32
8
33
8
2
36
34
8
4
12
13
8
45
8
57
8
38
30
44
30
13
33
4
13
13
45
45
33
32
32
38
1
8
13
2
2
30
36
30
13
36
32
13
32
4
44
4
32
4
57
32
13
57
30
13
4
30
33
30
8
45
43
13
1
36
22
13
32
44
36
8
38
13
13
13
13
8
33
4
8
13
13
8
