53
2
6
33
7
13
30
2
13
13
7
30
33
44
43
17
13
2
53
30
3
34
17
13
8
33
53
53
21
12
53
13
7
4
13
2
33
7
2
2
7
33
33
30
30
2
7
30
33
43
17
3
8
30
53
33
13
34
7
53
3
57
44
43
44
7
36
2
44
8
36
14
53
53
53
53
2
53
12
57
38
33
7
30
7
53
44
3
57
36
50
53
53
7
30
19
44
30
43
30
17
53
13
44
18
32
36
56
44
12
13
3
57
30
32
44
43
32
12
33
30
53
30
41
2
33
30
12
36
13
12
2
7
7
3
30
32
3
12
2
2
9
12
53
2
2
31
32
22
33
13
2
33
2
30
9
33
12
53
30
17
17
13
30
33
8
30
31
13
53
2
6
30
52
7
13
36
15
33
3
2
30
4
2
7
30
30
13
2
53
12
17
30
30
13
33
12
17
44
7
12
7
13
7
13
4
53
44
33
34
30
13
57
36
33
2
33
13
2
3
33
53
31
17
17
53
53
7
45
13
2
32
3
57
36
17
2
30
13
7
36
17
1
8
57
13
12
32
44
53
3
8
33
21
8
36
13
12
33
7
13
7
13
4
53
30
2
4
2
2
44
30
30
30
32
7
7
53
12
2
4
13
7
53
3
57
4
12
45
43
30
56
7
32
2
17
2
13
30
41
30
7
17
13
3
30
30
3
30
4
4
3
56
12
53
0
13
8
30
12
17
4
36
32
33
32
33
6
13
0
33
12
53
1
50
53
33
8
36
18
53
0
7
8
18
15
12
1
3
43
57
7
30
57
13
30
33
8
13
13
17
44
3
2
30
3
13
33
13
7
8
30
2
7
44
4
7
12
30
32
7
33
2
2
30
13
30
16
43
7
7
6
30
4
30
7
57
3
36
7
41
30
33
7
30
53
30
2
7
3
13
13
30
33
7
44
2
30
13
3
3
30
57
13
8
53
31
2
30
33
3
13
18
0
8
38
13
44
1
9
19
30
53
13
17
12
2
44
32
0
13
2
17
44
7
13
33
4
1
13
13
9
13
32
13
30
13
33
3
53
43
8
0
33
15
9
12
30
36
4
44
7
3
30
53
15
17
33
18
2
44
43
33
33
3
36
2
33
53
31
18
3
30
12
13
2
13
2
30
13
1
36
32
12
36
30
8
33
2
30
1
3
2
53
30
18
21
32
17
2
34
4
12
13
2
36
30
38
13
7
2
36
13
53
53
52
1
4
44
53
53
4
44
7
13
13
8
33
2
38
12
7
2
57
30
41
30
31
33
30
36
18
38
8
53
7
53
30
53
30
33
2
17
7
17
2
2
7
18
2
53
9
7
8
33
34
1
43
12
53
53
30
13
1
3
13
40
38
8
30
53
53
30
17
13
30
57
12
44
57
