5
31
6
1
16
1
18
1
9
5
9
0
16
30
0
0
6
9
19
6
31
31
1
0
6
5
16
31
11
31
5
0
0
30
30
31
31
16
6
16
5
0
1
5
1
16
0
5
31
16
2
45
56
60
58
2
38
59
42
21
45
40
2
59
45
3
58
2
46
38
44
60
58
58
45
59
46
4
17
60
17
46
32
32
33
42
17
4
33
56
40
18
19
42
44
42
17
59
60
4
32
45
17
39
38
56
43
56
54
36
2
4
2
38
2
43
38
56
56
56
19
58
33
38
38
4
18
38
46
32
46
46
44
38
20
19
46
43
38
2
30
18
45
58
59
42
40
16
33
58
40
59
39
60
59
42
41
44
40
17
58
16
59
59
17
33
42
60
40
40
58
38
2
39
56
57
40
56
43
39
2
32
59
18
56
16
45
48
39
60
38
59
38
59
46
56
19
45
43
45
56
2
60
40
18
45
60
18
40
39
60
46
38
2
33
56
40
43
6
45
4
47
2
43
58
58
40
33
16
33
3
46
59
32
34
45
38
6
33
56
43
58
32
13
33
4
42
39
38
32
42
57
43
39
18
43
32
16
42
2
21
37
3
47
3
41
34
34
22
52
34
47
53
54
47
23
48
34
34
41
1
34
48
36
48
22
22
36
48
53
52
48
54
53
3
23
3
47
52
23
41
52
48
41
22
23
36
37
22
52
54
52
53
22
37
48
3
53
22
48
37
54
52
48
36
37
13
47
3
48
48
37
52
13
3
53
22
36
41
54
53
23
22
34
54
48
34
3
13
52
48
48
3
52
48
34
3
34
3
36
47
22
47
3
53
36
4
22
36
47
53
53
37
53
36
3
36
21
41
47
47
53
31
20
19
20
12
20
57
15
12
9
53
20
11
21
20
53
21
21
21
57
20
20
24
21
12
34
12
57
13
19
6
41
20
6
5
20
20
20
21
9
21
13
21
21
20
12
21
19
13
21
20
12
13
31
31
21
19
57
57
13
14
24
51
30
49
49
29
24
29
15
15
25
61
25
31
55
61
49
26
29
50
55
49
53
7
55
27
35
27
51
28
51
30
50
28
30
7
50
12
28
28
26
15
8
7
50
49
50
29
21
7
49
26
14
15
25
50
27
35
35
10
24
14
30
8
8
14
15
19
35
29
10
49
50
61
10
15
25
7
11
26
49
55
35
7
25
10
24
49
61
11
26
14
51
11
27
61
51
9
50
11
50
8
49
7
61
24
51
8
28
26
25
49
8
35
55
26
55
15
55
14
50
50
7
49
26
14
15
25
28
55
24
26
29
27
14
61
14
11
7
29
24
29
26
11
15
28
25
27
14
8
49
61
25
8
35
61
35
49
15
10
29
14
8
28
51
57
15
15
29
7
7
27
7
29
9
50
51
