1
16
16
5
30
31
1
6
9
6
6
16
16
30
5
1
31
6
31
16
30
6
6
5
9
30
30
0
0
16
31
9
16
31
0
16
30
16
31
5
5
1
6
31
30
5
30
31
6
16
16
0
0
6
16
9
16
31
31
1
46
33
40
39
46
18
46
33
2
56
60
40
2
42
39
43
33
60
58
33
46
60
17
17
44
44
42
44
44
38
39
33
38
33
38
56
18
56
39
32
32
18
58
38
4
17
58
60
18
43
39
18
40
44
42
40
44
17
38
60
39
46
45
45
2
32
58
46
45
60
38
43
4
38
2
38
45
60
45
40
60
60
56
46
56
46
39
39
40
42
46
38
44
18
18
18
42
44
18
46
2
38
32
44
44
45
60
38
44
46
43
42
44
38
58
42
4
18
17
39
2
46
39
2
43
46
46
40
60
46
42
46
39
2
33
32
40
43
42
58
45
59
45
17
44
38
60
43
58
60
39
56
39
60
32
38
45
59
58
43
32
59
40
41
22
36
37
48
54
3
54
53
47
3
36
48
22
23
34
36
3
52
34
36
23
52
54
36
3
54
34
36
52
3
47
53
37
23
22
41
3
41
22
41
37
41
34
23
22
23
48
36
41
34
53
36
37
36
54
23
23
47
36
41
34
41
36
54
23
47
22
48
23
23
41
3
48
54
54
47
41
34
37
23
23
23
41
36
34
48
54
36
47
36
53
37
37
47
34
3
34
54
41
47
36
52
41
52
23
54
3
34
23
3
52
41
36
22
41
57
13
57
57
57
21
12
57
12
21
21
57
12
20
19
12
20
57
57
13
13
19
12
20
13
57
20
19
21
12
57
57
12
13
12
20
12
19
57
21
12
13
12
19
20
19
13
19
12
57
12
57
19
21
57
19
57
21
20
20
20
19
57
57
57
12
13
57
12
20
19
19
13
57
12
57
12
12
12
57
12
12
29
25
24
35
26
15
10
14
28
26
15
8
8
50
27
29
29
27
14
61
28
15
24
7
15
61
24
51
10
14
14
10
25
25
26
11
27
61
26
15
25
24
51
50
51
14
27
15
51
35
27
25
8
7
61
15
24
7
29
28
29
61
14
50
55
15
29
24
14
27
15
35
27
15
35
49
25
50
29
29
25
35
29
10
24
24
11
61
61
24
8
61
15
25
51
35
51
29
28
10
7
61
35
25
15
61
61
28
61
10
55
11
11
24
55
11
50
25
29
51
29
27
10
61
14
14
24
51
61
7
61
15
27
15
29
35
10
7
25
10
55
7
61
24
7
24
50
14
50
61
14
25
61
7
7
49
11
15
51
7
10
51
25
8
14
25
27
25
11
8
14
29
