6
16
5
6
0
16
16
13
1
6
16
9
11
6
5
50
16
1
30
11
1
6
1
9
9
5
31
12
0
1
0
31
31
6
9
11
6
6
9
9
6
1
16
5
16
6
1
1
51
30
1
5
13
5
11
1
1
1
6
30
11
50
16
16
16
30
16
6
6
5
11
6
31
12
18
0
1
1
6
6
30
5
31
16
1
0
16
1
40
58
18
40
17
43
56
43
4
33
38
45
41
17
60
32
44
42
60
60
59
40
18
43
44
53
18
60
2
60
38
45
17
18
4
56
38
18
4
33
44
46
2
4
58
43
45
43
17
56
43
32
32
2
17
43
39
56
44
43
18
40
38
60
43
32
4
56
44
58
4
40
33
43
2
32
39
4
33
58
39
58
2
39
17
59
4
17
6
58
60
46
4
47
40
44
60
45
59
58
18
60
17
59
33
33
60
39
60
40
3
39
2
46
16
44
58
56
46
38
58
40
39
45
46
45
58
56
33
45
33
59
46
2
42
46
42
39
60
60
18
60
33
58
20
38
17
59
2
44
42
43
38
59
58
60
32
46
40
2
1
2
4
42
39
18
45
56
45
56
32
39
4
18
60
56
46
32
56
36
16
22
47
36
3
54
52
54
3
3
53
41
54
22
41
37
47
41
23
22
23
36
53
34
23
53
23
3
47
34
48
52
53
37
23
23
34
23
54
36
48
23
48
3
37
23
52
41
47
47
52
22
52
54
53
22
37
36
23
48
34
37
3
41
36
52
48
22
36
37
47
54
48
22
34
48
22
47
3
37
37
22
36
37
54
22
34
41
47
37
47
52
3
41
52
36
53
47
37
3
54
54
37
36
54
48
52
48
3
3
21
20
20
13
19
13
13
13
32
28
57
57
13
12
12
21
33
12
20
21
57
20
21
20
21
12
13
20
19
21
19
28
19
19
21
21
12
21
12
20
12
20
13
21
57
13
20
57
12
19
21
19
7
20
20
20
12
12
57
12
28
51
15
35
51
8
28
35
7
55
55
28
51
10
25
35
61
29
35
15
24
55
25
7
51
35
35
27
29
29
15
30
8
10
25
26
24
7
27
28
28
14
24
29
49
29
7
29
57
7
27
27
26
55
15
25
7
26
15
10
35
15
15
26
35
50
11
25
50
24
26
14
51
26
9
61
50
61
28
26
29
10
26
27
35
25
26
61
7
50
55
14
11
26
25
8
51
14
55
11
9
24
25
51
27
9
61
24
11
55
24
51
24
49
35
27
8
61
8
24
15
49
14
8
7
29
8
15
27
29
51
29
15
28
9
61
15
29
27
55
9
15
14
8
15
35
11
28
25
10
35
11
11
29
24
57
7
11
49
15
7
15
49
11
7
61
15
49
25
14
51
57
7
29
8
10
57
49
29
9
35
28
