15
5
16
0
30
30
31
1
9
16
30
5
1
6
30
16
6
30
6
6
16
9
11
31
9
1
6
5
6
31
0
1
30
6
16
16
9
31
0
11
1
15
0
5
31
6
30
1
6
9
30
16
30
0
31
1
46
4
40
39
19
16
46
18
44
60
32
39
38
17
60
39
46
45
40
44
18
33
2
46
16
56
44
56
60
39
58
56
40
18
56
45
33
60
17
40
44
38
2
43
58
38
4
4
43
6
59
4
39
2
45
18
34
4
2
46
18
33
18
4
44
43
39
40
60
46
5
6
44
60
33
1
32
58
39
17
38
2
18
17
42
59
2
17
33
46
60
33
59
39
58
56
45
59
18
18
40
17
38
56
32
56
42
43
40
38
56
60
32
34
59
38
60
43
17
42
45
56
44
59
38
60
4
45
6
18
38
18
6
38
40
43
45
44
32
60
32
43
40
18
33
58
60
33
43
40
40
60
58
40
42
17
18
2
60
42
4
4
38
0
45
56
60
18
42
46
46
5
2
17
46
2
34
53
36
37
41
47
3
34
47
41
48
48
54
22
47
48
22
41
54
48
48
53
3
36
23
37
48
23
37
47
53
22
36
48
41
48
22
22
52
37
47
53
3
54
48
53
54
23
52
53
41
41
34
54
4
48
47
41
47
41
23
53
36
3
0
53
41
52
48
52
22
52
34
22
41
47
52
20
54
37
3
52
23
37
47
23
22
3
47
47
36
3
3
34
22
23
54
23
52
3
36
23
3
0
3
53
52
48
53
48
37
54
52
47
36
37
53
23
52
36
47
34
54
47
44
41
3
47
53
37
53
0
34
23
48
41
57
8
6
9
20
3
13
19
61
19
10
12
12
12
57
33
34
0
13
10
12
12
21
19
9
12
19
13
19
20
8
32
21
13
16
33
13
13
12
11
21
20
57
53
8
21
21
21
31
13
32
20
57
13
57
57
19
12
21
34
13
19
12
19
28
25
29
55
25
25
11
26
51
25
25
11
57
55
26
8
27
11
15
7
26
10
14
49
24
14
10
26
50
7
28
25
61
15
29
25
11
8
7
50
7
49
26
29
9
10
8
28
28
10
11
7
61
29
7
50
29
55
7
24
15
26
11
61
10
57
28
35
29
51
29
11
27
51
61
7
50
55
26
11
27
30
35
27
7
14
11
29
30
24
14
7
29
15
11
24
7
51
55
24
14
7
61
24
28
26
11
14
8
27
35
57
57
61
11
27
7
24
28
25
25
28
49
51
24
61
7
27
7
29
29
26
61
28
9
61
7
24
24
51
8
26
35
28
35
55
27
24
9
11
11
27
26
28
61
27
30
15
25
55
55
57
24
35
25
27
51
24
25
11
9
28
14
51
61
12
11
26
7
29
49
15
50
14
7
28
28
49
