15
2
1
19
12
0
32
33
22
36
12
41
30
36
17
43
44
60
12
41
30
4
33
32
12
8
12
12
6
12
8
36
8
4
0
12
33
8
13
15
8
32
33
41
19
22
12
1
8
43
2
30
12
36
19
22
41
12
13
8
30
32
18
17
36
12
36
34
19
8
13
22
8
12
8
12
6
8
12
13
43
52
30
36
13
12
36
30
13
32
12
12
15
9
36
12
0
6
36
0
19
8
36
0
13
32
36
17
41
12
36
12
1
43
13
44
32
32
19
33
41
8
36
41
6
36
43
19
36
8
9
32
8
8
12
1
13
12
31
43
2
30
12
9
43
43
1
8
12
15
52
36
33
41
32
30
33
13
8
36
32
36
3
36
8
12
36
8
2
12
6
31
44
15
13
36
36
13
8
13
6
33
22
1
32
0
0
33
22
12
30
36
12
43
43
12
19
52
36
8
30
12
6
19
3
30
8
36
1
12
36
32
13
36
52
41
41
33
1
32
13
12
36
13
36
12
8
19
12
43
13
13
6
40
0
19
43
41
47
12
5
32
32
9
33
8
12
12
36
30
12
12
34
8
32
0
1
9
0
30
34
30
8
15
8
0
12
15
41
12
36
47
32
33
32
12
30
12
8
19
30
36
19
12
15
34
13
19
45
41
36
32
8
32
41
36
40
36
41
36
43
8
33
36
12
41
36
1
1
30
30
30
41
12
12
6
0
8
36
12
6
12
17
34
13
12
19
12
32
12
6
12
12
1
12
12
36
12
22
30
8
41
1
12
44
9
12
15
31
32
41
32
32
33
13
36
0
32
15
44
41
44
12
41
12
30
43
33
36
12
15
52
33
15
32
30
30
13
36
8
12
40
32
12
0
36
34
13
31
19
12
31
32
8
12
30
13
15
13
8
47
36
15
12
41
12
1
8
12
30
52
15
19
13
2
36
36
0
44
15
31
0
33
15
8
8
9
2
32
2
8
33
43
0
30
44
8
0
2
9
12
46
13
32
36
12
41
13
12
8
36
2
41
2
8
44
44
1
52
15
32
0
33
22
36
32
0
33
13
8
43
12
19
1
43
30
12
32
36
8
13
8
12
1
8
15
32
19
32
33
52
12
33
13
30
12
33
13
12
36
13
32
0
12
41
36
41
1
15
32
40
0
12
13
0
41
12
13
13
0
40
13
1
13
40
36
41
41
19
13
12
13
12
0
41
31
47
36
36
30
43
0
15
8
12
13
31
8
44
19
8
15
13
13
36
2
12
44
33
36
12
8
0
44
36
30
36
13
30
6
13
30
44
8
12
12
15
41
8
1
33
36
32
15
2
12
33
32
36
0
13
30
9
8
22
12
9
46
12
30
12
0
15
40
1
36
41
44
30
34
8
12
0
44
36
32
2
12
36
13
