30
0
16
16
30
30
31
0
9
16
30
6
1
6
30
16
6
30
6
6
16
9
9
31
9
1
6
5
6
30
0
1
30
6
16
16
9
31
0
30
1
9
0
5
30
1
30
1
6
30
30
6
30
5
31
1
45
4
40
39
33
17
46
18
44
18
17
38
38
32
60
38
46
43
40
60
18
33
45
46
17
2
44
44
18
46
58
44
40
60
46
58
33
44
43
44
56
39
2
43
58
39
4
4
58
32
59
4
39
46
58
18
58
4
43
46
18
39
44
33
38
58
38
40
60
46
32
4
44
59
18
4
32
43
39
58
38
46
42
17
58
59
2
32
33
46
43
33
59
39
43
38
45
42
18
18
40
17
38
39
32
44
44
2
40
39
56
44
40
45
56
39
60
44
58
33
45
44
44
44
39
60
4
45
4
60
38
18
4
39
44
58
45
60
32
60
32
58
40
18
33
58
44
18
43
38
40
18
43
40
2
58
46
46
60
56
4
4
39
4
40
56
60
60
60
46
46
32
46
43
46
2
34
53
36
23
41
47
47
34
41
41
48
3
54
37
47
3
22
41
54
41
3
53
48
54
22
37
48
23
23
41
53
37
36
48
41
3
22
23
52
23
47
53
3
36
48
53
54
22
52
23
34
41
41
34
36
3
41
41
47
41
37
53
36
3
36
53
34
22
3
22
22
52
34
37
41
47
36
3
41
37
3
23
22
23
47
23
54
3
47
47
54
41
34
34
37
37
54
37
52
3
54
23
3
41
41
53
54
47
53
41
37
54
22
47
36
23
53
34
22
36
41
34
54
47
54
34
3
3
53
37
53
41
34
37
47
41
57
57
19
12
20
20
13
19
57
19
13
12
12
12
57
20
20
13
13
57
12
12
21
19
12
12
19
13
19
20
12
12
20
57
12
13
57
21
19
57
21
20
57
13
12
21
21
21
12
13
19
21
57
13
13
57
19
12
21
20
13
20
12
21
50
7
29
55
25
25
11
26
29
27
25
10
10
27
14
10
27
50
15
51
55
8
14
49
27
51
11
55
10
7
28
25
28
15
28
14
15
50
51
11
51
51
14
29
11
10
10
28
28
8
50
8
61
25
51
7
29
11
29
24
15
55
11
28
10
28
28
35
29
7
35
11
51
7
28
51
50
26
55
11
27
11
25
29
51
29
50
29
8
24
14
51
51
25
11
27
51
51
24
29
8
7
28
55
28
55
10
15
8
29
28
28
28
28
50
15
7
55
28
24
25
61
49
51
24
25
26
8
49
28
29
25
61
29
15
29
51
7
24
7
8
55
14
8
35
24
24
28
10
15
11
8
26
61
28
27
11
15
25
27
26
28
28
29
25
29
7
14
25
8
29
25
8
29
28
8
50
26
7
29
49
15
50
11
49
61
28
49
