7
47
15
34
33
8
8
28
19
32
28
8
28
32
2
47
2
22
2
2
8
8
2
2
15
32
38
5
30
47
8
33
32
3
2
1
24
13
11
7
36
38
19
16
21
32
7
15
2
26
38
1
8
19
1
19
11
34
34
36
2
15
33
3
36
8
4
36
8
43
3
26
36
38
26
36
19
1
8
8
4
1
2
47
2
34
52
22
15
2
38
2
15
8
7
33
7
34
7
40
3
8
7
0
38
32
28
1
22
1
34
2
8
8
29
29
34
7
34
13
28
32
33
15
15
41
26
38
3
38
8
9
15
2
33
52
8
4
13
8
15
26
4
8
33
15
36
33
1
47
34
8
4
22
8
28
8
28
1
7
15
29
2
38
3
33
34
2
4
33
34
38
36
8
28
38
13
8
2
33
7
7
32
33
4
38
33
6
22
38
1
8
2
4
8
36
2
8
14
28
7
17
33
28
36
30
2
5
45
28
45
15
4
32
19
8
38
34
22
15
44
36
22
0
8
16
33
0
34
1
41
36
33
8
32
38
36
4
2
44
38
33
34
8
7
33
34
38
22
11
1
3
33
8
3
47
33
8
13
38
1
8
26
28
36
22
47
4
4
30
34
38
2
41
44
4
32
33
7
2
7
36
4
8
13
13
1
28
33
13
2
8
1
22
4
3
4
47
7
7
2
7
28
1
33
3
22
28
36
38
7
26
6
7
7
32
36
36
7
36
36
45
28
8
2
22
34
28
26
4
31
7
7
2
38
38
8
34
13
7
34
33
13
30
34
26
7
2
1
4
0
15
33
13
2
31
26
3
1
19
28
4
33
15
32
7
38
2
2
45
3
22
28
34
7
13
7
3
32
7
34
33
15
38
26
26
21
38
1
3
8
15
7
32
2
3
4
28
6
28
15
3
44
28
26
26
43
33
1
2
22
44
26
38
26
15
4
22
8
24
40
34
47
33
7
6
33
8
38
8
2
4
7
8
1
33
8
36
5
4
7
40
33
6
32
7
7
38
12
15
28
34
2
7
45
29
33
22
32
11
2
4
21
2
32
6
32
34
3
2
4
29
38
4
4
1
32
32
7
2
4
22
7
7
34
22
22
22
7
4
45
7
29
2
3
28
26
28
34
29
33
2
4
44
28
8
3
2
8
3
36
38
8
26
33
45
32
38
22
8
11
8
38
30
47
32
7
8
2
7
22
33
32
33
12
36
38
0
3
19
38
4
8
43
8
1
8
8
3
33
26
28
4
33
2
43
7
15
8
32
13
4
33
7
2
38
38
28
15
2
38
33
1
34
32
38
31
2
44
3
8
0
32
3
13
22
22
2
2
19
32
38
45
38
4
30
4
0
30
2
7
2
2
45
19
33
8
38
8
2
31
19
45
33
6
32
38
30
2
3
