32
43
7
22
15
45
33
13
15
17
44
4
22
3
17
7
43
8
22
28
4
33
38
38
8
36
8
7
3
3
53
19
45
1
34
2
17
36
35
22
3
44
15
8
8
32
5
8
8
33
22
15
5
7
38
3
14
1
8
44
1
8
44
44
40
16
3
17
26
3
22
18
13
28
38
38
19
13
13
13
13
8
7
36
26
53
1
34
38
2
22
13
33
7
7
43
7
53
7
44
2
30
52
28
13
30
31
1
36
4
38
8
8
2
35
3
31
34
15
32
30
32
3
7
38
16
53
8
4
13
2
15
13
28
28
5
15
30
35
22
15
38
36
7
8
18
8
4
33
17
15
57
8
52
7
15
46
1
30
2
7
15
30
1
15
4
6
53
35
8
12
43
2
8
15
34
2
8
1
17
8
17
22
42
36
15
22
17
13
15
4
7
31
22
32
8
5
3
8
12
30
32
7
3
2
12
8
14
22
22
15
12
17
43
8
38
21
38
8
4
4
26
38
8
3
8
1
38
19
33
28
33
4
8
3
38
38
32
4
32
1
28
28
1
31
15
7
8
30
38
44
7
52
15
32
26
28
45
2
52
57
7
20
4
13
22
13
38
21
7
33
8
36
8
45
21
13
22
7
8
2
15
8
32
38
8
15
8
36
4
33
8
45
38
52
30
43
8
2
38
33
12
28
30
3
44
8
34
4
32
13
1
24
31
22
35
8
1
8
38
8
17
3
46
2
8
8
4
28
21
32
40
25
52
8
31
1
18
2
59
3
36
52
3
30
17
43
8
45
33
28
0
8
17
15
2
7
17
38
22
26
53
35
8
47
36
28
8
33
33
4
12
1
15
3
60
8
38
2
8
57
34
8
13
13
1
8
30
7
1
31
12
7
8
8
7
21
4
38
36
15
34
2
53
4
7
8
8
1
7
30
15
32
2
4
28
13
3
3
28
35
1
0
1
30
30
13
17
15
38
2
19
38
12
38
43
33
15
38
2
22
42
2
42
30
4
3
15
8
15
30
45
33
3
26
12
3
16
19
44
46
13
8
21
22
22
57
22
57
13
0
16
3
2
7
8
41
36
57
12
42
35
38
44
60
33
30
30
45
18
8
16
24
30
36
36
13
33
22
7
34
30
7
36
34
9
57
1
1
38
8
36
17
15
44
7
21
1
12
30
45
44
8
2
30
20
47
1
4
22
4
8
19
38
33
22
19
16
28
15
17
38
60
45
46
21
7
35
3
1
3
52
3
36
8
40
13
2
27
3
1
2
4
28
1
8
45
32
4
12
38
3
38
12
30
31
18
45
38
45
36
13
44
32
15
4
4
8
2
36
8
35
4
22
18
44
2
1
46
36
7
22
3
12
8
32
52
9
2
22
36
26
1
1
3
57
28
36
1
3
