0
0
16
16
16
5
1
0
30
1
15
9
5
5
1
1
5
1
8
16
9
31
6
0
16
5
0
16
14
6
0
16
31
30
5
9
11
31
16
16
0
31
9
31
16
0
30
31
16
11
0
31
6
16
9
16
5
16
46
11
16
31
31
5
30
5
30
6
1
1
31
13
42
52
59
60
33
56
38
44
60
44
43
58
40
40
58
38
60
18
2
18
38
40
38
17
40
36
42
17
2
39
32
16
33
18
2
46
43
38
33
5
2
33
18
33
4
43
46
43
4
59
60
56
56
44
33
40
20
58
4
39
45
33
43
60
4
56
42
42
39
42
46
42
39
33
39
17
18
42
39
46
32
4
33
40
18
40
45
4
44
44
19
38
44
0
44
45
56
59
59
56
56
46
43
40
60
45
33
45
39
33
2
59
58
60
18
39
42
58
60
33
46
33
45
40
38
38
42
43
17
44
46
4
60
60
46
42
59
58
17
59
18
43
40
56
60
17
58
39
58
17
40
39
58
58
44
44
16
45
22
44
45
17
40
59
32
18
43
45
39
40
45
40
17
18
40
59
36
53
23
22
20
41
53
53
37
47
22
47
47
53
34
41
53
37
54
52
34
48
52
22
22
37
3
37
52
37
2
37
54
34
34
48
41
34
41
41
36
53
34
41
22
4
22
37
54
34
47
22
3
54
41
16
4
22
41
34
47
22
4
48
53
23
52
37
41
36
47
23
54
48
37
36
41
52
23
48
36
37
48
36
48
53
53
48
53
36
52
22
34
47
22
41
53
1
39
3
3
34
41
48
23
23
52
1
36
34
37
34
53
3
52
54
37
21
22
12
57
23
12
45
21
57
50
53
20
57
53
21
8
19
21
19
34
21
13
12
45
12
13
13
20
19
21
32
12
12
13
19
3
53
20
1
13
13
26
57
48
13
53
19
12
12
19
21
20
20
20
32
13
21
19
32
12
12
14
20
4
55
51
50
24
14
7
10
9
14
13
29
35
50
8
24
24
26
15
50
57
24
28
11
50
24
55
10
9
30
27
29
27
11
10
24
8
61
9
51
24
27
27
35
50
25
25
28
26
15
61
15
61
26
50
27
8
51
15
50
8
26
9
7
61
24
11
11
51
15
26
24
50
25
35
51
7
50
7
25
49
49
24
61
15
7
8
24
28
7
57
10
61
8
11
30
15
11
28
61
26
50
49
35
8
61
7
51
61
50
27
25
35
8
13
26
28
51
14
49
14
7
27
49
50
35
26
27
55
26
24
28
14
27
61
24
30
55
51
14
11
55
15
14
28
8
61
57
35
30
55
49
55
25
27
7
27
14
55
9
55
8
24
31
25
10
35
10
51
25
27
10
27
24
49
55
14
27
11
28
28
14
49
50
26
49
50
51
49
10
14
7
