36
38
38
33
7
12
8
13
33
34
44
12
8
36
33
1
34
2
4
38
21
15
43
8
2
44
33
8
33
38
8
8
8
13
4
8
13
32
38
34
22
2
34
40
45
16
5
8
34
38
8
8
38
8
2
8
8
15
4
33
2
32
45
15
30
33
13
15
15
4
8
4
8
1
47
15
8
13
38
47
33
34
30
4
38
15
7
32
7
8
40
8
7
36
34
34
30
2
34
45
33
13
2
32
8
45
38
47
36
30
38
8
34
8
33
32
33
3
34
7
8
2
13
33
13
8
4
8
4
22
22
8
3
33
2
2
2
1
15
33
15
15
38
15
33
5
8
22
2
15
19
45
28
15
8
8
33
38
33
19
38
22
4
43
2
34
2
15
43
11
4
33
8
22
36
33
34
34
8
8
8
15
3
4
32
4
13
13
4
7
34
32
9
33
13
8
28
34
28
30
33
4
8
33
34
2
33
8
33
2
2
8
36
38
12
5
28
4
38
13
34
45
45
33
33
13
12
38
15
45
2
4
4
5
33
44
34
43
4
8
2
22
28
2
8
34
13
38
6
1
33
19
38
2
34
38
8
7
8
8
47
38
8
33
8
38
32
3
32
22
33
33
8
7
15
8
3
38
2
36
8
28
28
2
36
32
8
4
2
13
32
4
8
33
8
12
13
2
4
33
8
13
34
34
4
4
15
34
2
32
4
47
15
15
7
3
22
13
8
8
8
8
2
8
8
45
2
8
4
4
33
4
8
33
3
1
8
32
8
33
45
38
11
33
33
38
22
0
34
0
2
13
8
15
36
4
4
47
13
22
8
15
45
13
13
8
26
15
3
13
36
2
2
2
33
30
33
7
2
2
43
2
32
8
2
8
13
4
19
4
45
15
34
8
33
34
45
38
8
34
33
2
33
22
7
3
32
36
8
31
22
33
2
15
15
28
3
8
38
12
8
36
4
32
44
2
3
15
32
28
7
38
8
6
2
2
2
30
2
34
34
4
4
8
32
3
33
28
15
2
13
2
4
1
38
1
13
28
33
8
46
13
38
36
2
2
32
8
4
2
30
52
4
32
4
4
2
33
2
34
2
38
2
7
2
32
8
34
2
8
8
22
8
4
31
4
2
15
8
33
4
15
13
2
4
4
15
33
4
3
38
8
7
2
15
44
8
7
28
4
4
8
33
32
7
8
2
3
34
26
2
2
13
8
4
38
2
34
8
40
8
2
34
34
26
38
4
8
8
22
8
28
8
38
15
2
4
8
33
33
33
8
45
22
33
2
32
52
4
7
8
2
2
15
36
4
34
22
33
4
34
1
33
4
43
12
28
32
34
28
15
8
38
30
40
8
7
45
33
8
3
52
36
8
32
2
22
8
38
13
33
8
13
8
33
4
8
13
8
7
