5
5
5
6
0
5
16
31
1
31
16
9
31
6
5
30
16
1
30
30
1
6
1
9
9
31
31
31
0
1
0
31
31
6
9
30
5
6
9
9
6
1
16
5
16
31
1
1
9
30
1
5
9
5
30
1
1
1
6
30
30
30
5
16
16
30
16
31
6
5
30
1
31
6
5
0
1
1
6
5
30
5
31
16
1
0
16
1
40
43
33
40
17
40
59
43
4
33
39
45
46
17
60
32
39
56
44
60
59
43
18
44
44
33
33
44
42
44
39
45
17
18
4
42
39
18
39
33
44
46
2
4
58
39
45
43
17
56
43
32
32
2
17
58
39
42
59
58
18
40
39
44
43
32
4
59
44
43
4
42
33
40
2
32
39
4
39
43
39
58
2
38
17
59
4
17
32
58
44
46
4
32
40
44
60
45
59
58
18
18
17
59
39
33
44
39
44
39
33
39
42
46
17
2
17
56
46
39
58
40
38
45
42
40
2
56
39
45
33
59
46
2
42
46
42
38
44
42
33
18
33
43
42
38
17
59
2
44
42
42
39
59
43
59
42
46
40
2
4
2
4
38
39
33
45
56
45
59
17
38
4
18
18
59
46
32
42
40
18
37
36
36
3
36
52
36
48
3
53
41
36
23
41
37
41
41
37
22
37
36
53
34
23
53
37
3
47
34
48
52
53
37
37
53
34
22
54
36
3
22
3
48
22
22
52
54
48
47
52
37
52
36
34
22
23
36
47
3
34
23
3
41
54
52
3
23
36
23
47
54
3
23
34
3
37
41
3
37
37
23
54
37
36
37
34
54
47
53
36
36
3
41
52
54
53
47
37
3
54
36
23
36
3
3
52
3
48
3
20
20
20
13
19
13
13
13
21
57
13
57
13
12
12
21
13
12
20
21
57
20
21
21
13
12
13
20
19
21
20
57
21
12
21
21
12
21
12
20
12
19
13
21
57
13
21
57
12
21
21
19
57
20
20
21
12
12
13
12
57
7
15
27
49
8
28
24
7
24
26
28
49
10
25
15
61
15
24
15
24
26
25
7
49
26
24
15
15
29
15
11
8
15
25
25
24
51
25
28
61
24
24
29
7
27
49
26
61
51
27
15
26
35
15
25
51
28
15
10
14
15
15
26
24
11
11
25
8
51
26
14
7
25
8
61
8
51
29
26
29
10
26
26
35
25
26
27
8
50
35
14
50
26
25
8
29
14
24
11
8
35
25
51
29
26
61
24
50
55
29
7
24
51
26
25
8
29
8
24
15
51
14
8
51
29
14
26
27
29
49
29
14
61
15
61
15
61
25
26
15
15
14
8
15
26
11
29
25
10
35
11
10
29
35
51
51
11
49
10
51
14
7
10
51
61
15
49
25
14
51
61
7
27
15
10
28
49
15
15
26
61
