1
45
16
18
30
11
1
6
31
6
5
17
16
30
5
1
31
6
26
0
30
31
19
16
9
31
51
31
0
16
30
4
6
31
0
19
1
17
30
5
5
33
48
4
30
5
30
34
5
12
5
5
0
6
16
8
12
30
1
1
46
40
2
44
30
18
46
2
2
56
18
16
38
41
52
43
17
59
58
19
44
58
17
16
43
44
42
20
43
38
39
44
1
45
13
56
18
59
16
45
6
18
17
38
18
43
43
58
16
40
45
17
40
52
42
40
59
43
47
39
44
42
46
42
52
20
43
52
36
60
38
42
36
13
34
40
38
59
1
44
58
60
56
3
56
38
58
57
52
52
54
32
33
18
18
18
42
44
18
45
2
33
6
43
18
20
60
6
40
33
44
44
36
38
58
42
33
18
43
39
2
2
14
2
38
22
56
20
60
42
44
45
39
52
3
38
40
16
43
58
59
59
2
45
60
38
30
17
42
59
39
56
50
17
40
46
22
58
58
42
19
45
40
38
22
41
37
47
54
3
48
21
48
3
36
48
22
23
3
17
0
21
34
3
23
21
54
39
3
37
34
36
53
20
16
17
54
23
52
42
1
21
32
41
37
41
3
23
47
23
48
34
47
34
33
47
53
0
53
52
23
2
34
47
34
3
21
23
53
1
45
48
23
10
48
3
48
54
54
47
47
34
37
52
53
37
41
3
36
48
54
22
48
36
53
37
54
47
34
3
36
52
41
47
36
48
36
45
37
54
20
34
53
6
52
53
0
22
41
25
10
12
25
7
13
13
26
12
21
41
29
7
0
20
21
52
7
28
42
4
16
1
54
13
27
20
44
30
1
25
57
21
13
14
20
49
19
21
19
30
13
19
21
2
12
13
12
12
8
19
57
40
34
20
12
26
48
12
20
19
13
9
57
31
12
30
57
12
36
3
19
13
26
46
57
12
9
5
27
8
9
28
25
29
35
29
15
15
31
26
9
7
57
8
50
35
27
51
27
15
29
51
15
24
29
15
26
35
51
15
15
50
10
24
25
24
9
27
29
14
15
25
28
55
50
29
9
27
57
29
35
7
7
8
24
50
15
57
7
51
7
25
26
28
29
55
30
29
50
28
25
15
35
51
9
57
49
27
14
7
14
29
35
27
10
24
24
27
61
27
61
57
27
11
25
26
61
61
15
28
10
49
57
35
10
31
35
61
24
27
9
55
11
7
27
35
11
50
24
50
51
26
35
10
61
50
9
24
50
61
14
9
15
27
9
51
35
61
24
26
15
55
7
55
24
50
24
50
11
29
28
28
25
61
24
13
49
49
57
49
7
11
35
28
11
12
25
26
25
14
21
9
29
