31
1
16
1
1
5
9
1
6
9
30
1
1
31
31
31
16
0
31
6
31
1
0
6
30
1
1
16
6
30
5
6
6
31
6
9
30
31
16
31
30
42
44
33
42
56
45
58
43
32
42
40
58
58
44
56
17
56
42
42
33
33
40
42
60
40
38
60
42
58
40
58
46
32
45
42
38
4
33
18
18
59
42
58
46
18
38
32
58
38
18
60
40
38
40
59
18
32
56
45
39
56
42
40
39
59
40
4
40
42
33
39
59
44
44
4
39
45
58
58
45
33
43
56
17
4
32
56
56
43
42
33
44
39
43
44
33
45
38
32
4
39
46
39
48
41
22
52
23
22
23
54
47
22
3
36
52
47
47
52
34
23
3
23
41
34
36
3
3
47
22
23
52
48
54
3
41
22
53
37
37
37
41
36
52
22
37
22
22
54
52
22
48
52
48
37
22
36
19
21
20
57
57
20
20
12
21
21
20
19
19
12
19
12
13
13
13
21
12
20
12
13
21
12
28
14
28
25
10
11
29
49
50
24
49
26
10
25
24
27
49
24
8
24
49
27
14
26
49
49
28
10
51
27
25
24
10
50
25
26
28
10
25
50
14
50
15
14
11
7
14
55
28
28
10
7
28
27
14
27
26
24
25
26
11
50
7
49
8
26
11
26
7
14
27
15
29
8
11
28
10
24
10
27
24
29
25
24
50
26
