28
47
15
34
34
7
8
28
34
34
24
28
28
43
2
47
2
22
2
2
7
28
2
2
15
19
38
5
30
34
8
33
32
34
2
1
24
8
7
28
36
38
34
5
3
32
7
26
2
26
38
4
7
21
1
19
7
34
34
22
34
26
33
3
36
8
4
2
7
43
3
26
36
38
26
36
34
3
15
7
38
6
2
47
2
22
52
34
14
2
38
2
26
8
28
38
28
34
26
33
34
7
26
0
38
32
26
1
22
1
34
2
8
15
29
29
34
7
34
28
28
32
33
26
28
41
26
38
3
38
7
8
7
2
33
52
26
4
13
14
7
26
4
7
38
28
36
2
2
47
34
24
4
22
8
28
8
28
6
26
28
29
2
38
3
40
34
2
2
33
34
38
36
8
28
38
34
15
2
33
7
7
32
38
4
38
38
6
38
38
1
26
2
3
7
36
2
14
28
28
7
32
33
28
36
15
2
5
45
28
34
24
4
32
3
28
38
34
22
28
38
36
34
5
14
5
40
0
34
1
41
34
2
7
34
38
22
4
34
2
38
2
34
14
7
38
34
38
22
7
3
34
38
8
3
47
33
15
13
43
2
7
26
28
36
34
34
33
4
31
34
38
2
34
33
2
40
33
7
2
7
22
2
28
13
13
4
28
33
8
2
28
4
34
4
3
33
34
26
28
2
7
28
1
33
34
22
28
36
38
7
26
6
26
7
32
36
34
24
36
36
34
28
7
2
34
34
28
28
36
5
26
7
2
38
38
15
34
34
7
34
33
4
30
34
26
7
2
1
4
0
24
33
13
2
31
26
34
6
19
28
38
38
15
32
7
38
2
43
34
3
22
26
34
7
13
28
3
43
7
34
33
15
38
26
26
21
38
1
34
8
26
7
32
2
3
31
28
6
28
26
1
38
28
26
26
43
34
5
2
22
38
26
38
26
28
2
22
7
24
38
34
47
33
29
6
34
15
2
8
2
31
7
24
1
33
15
36
5
36
7
2
33
6
32
7
28
38
12
26
28
34
2
26
34
29
33
22
32
7
2
2
34
2
34
6
43
34
34
2
4
29
2
4
4
43
6
32
28
2
2
38
24
7
34
22
22
22
7
4
22
7
24
2
47
28
26
24
34
29
34
2
4
44
24
8
36
34
8
34
36
38
7
26
33
34
34
38
22
28
8
28
38
8
34
32
29
7
2
7
22
33
32
34
8
34
38
0
3
19
38
34
26
43
15
6
7
14
3
38
26
28
33
33
2
38
7
28
7
43
4
4
2
7
2
43
38
26
26
2
38
38
1
34
32
40
31
2
2
3
7
0
43
3
28
22
22
2
2
34
45
38
45
38
1
30
4
5
30
2
26
2
2
45
34
38
8
38
8
2
31
32
45
38
6
2
2
15
34
34
