9
5
5
16
1
11
1
5
0
5
0
5
0
31
1
6
9
16
30
6
1
5
30
5
5
0
0
1
1
31
1
1
1
1
1
1
6
31
31
1
0
31
0
16
16
1
5
6
5
6
0
5
6
16
1
6
6
5
16
6
30
16
16
12
0
1
6
31
0
30
16
30
5
31
31
30
34
16
45
32
43
58
60
20
42
38
18
17
45
38
2
43
45
33
36
43
58
4
42
60
2
43
46
44
40
38
60
32
56
43
2
33
4
60
33
1
46
39
40
46
18
43
42
46
18
60
39
59
59
2
2
17
33
20
45
4
32
43
37
60
16
43
60
32
18
41
59
38
45
33
38
59
18
43
23
4
43
2
40
32
60
2
19
42
37
59
33
44
32
46
46
56
40
56
34
13
59
4
33
41
4
59
39
43
18
45
18
38
32
56
56
17
46
60
39
4
32
56
43
2
44
0
40
44
39
58
36
40
16
56
2
45
16
45
59
44
32
46
4
23
4
58
60
39
33
19
38
39
60
33
38
16
38
43
44
33
18
43
43
4
59
44
43
38
43
56
59
17
40
45
59
58
42
42
19
17
56
45
38
0
4
42
18
18
43
20
18
56
22
47
22
47
3
36
1
34
36
22
3
46
48
36
54
47
53
52
37
48
22
34
34
34
41
52
52
36
47
53
37
48
53
46
34
54
13
22
52
36
37
41
36
37
41
54
37
52
41
37
3
3
47
36
47
34
41
54
3
47
41
22
54
36
36
54
54
23
37
54
3
48
3
22
34
48
34
52
48
3
1
53
53
3
47
53
46
53
36
3
23
34
23
37
23
3
47
41
3
48
54
37
22
47
23
54
48
3
48
34
3
3
37
37
20
12
20
19
19
8
19
21
12
19
19
20
21
57
57
21
21
13
13
57
4
13
57
13
21
13
19
21
19
57
21
20
31
12
21
13
19
20
21
19
13
57
20
20
19
32
20
20
49
51
28
24
15
25
51
14
15
11
35
11
11
24
49
29
26
51
11
35
8
11
26
26
10
50
14
25
10
49
49
55
10
26
35
50
10
29
29
50
61
29
61
25
10
9
27
29
14
29
55
7
29
24
8
57
11
61
35
29
27
28
14
29
7
26
29
14
14
61
49
28
61
9
27
26
14
11
14
49
50
13
9
49
26
7
51
14
28
9
30
26
51
24
57
61
7
55
26
29
35
28
51
61
25
49
49
8
7
27
50
24
55
28
15
7
55
50
29
51
30
25
26
11
26
49
61
28
35
61
25
35
25
55
61
50
24
29
9
10
49
55
14
51
7
49
25
57
25
27
11
27
49
55
7
49
49
29
55
55
24
27
35
10
8
10
25
61
50
14
50
29
49
51
49
9
10
14
25
24
49
28
7
7
25
35
49
51
10
14
