28
2
6
2
14
36
36
2
2
2
15
2
33
44
2
2
38
34
26
2
4
33
33
33
7
4
26
28
2
26
24
2
28
2
38
2
2
2
2
41
28
2
33
41
44
2
8
22
15
43
2
4
8
2
19
33
38
7
12
15
30
2
2
43
2
12
33
2
44
28
2
33
7
26
28
8
2
29
26
41
47
38
4
2
2
26
44
4
44
2
7
8
15
4
33
34
2
4
2
2
2
7
44
44
44
2
36
38
44
33
2
33
38
2
2
2
44
2
19
2
2
24
44
38
2
33
33
33
43
33
12
2
32
2
8
2
44
19
38
2
2
4
7
28
2
2
2
2
7
33
33
2
33
38
2
8
2
12
15
44
43
44
2
2
33
7
2
7
2
15
2
4
32
4
14
2
43
2
2
14
2
4
4
2
33
33
38
38
2
33
26
2
2
43
46
28
33
38
44
4
15
4
41
8
33
4
8
33
38
12
2
33
38
2
44
2
38
44
2
44
2
12
2
2
38
14
14
15
2
2
2
33
4
2
2
33
2
38
2
4
44
38
2
28
4
4
34
15
2
26
26
15
33
15
24
38
2
26
22
4
2
4
4
26
4
2
2
4
2
2
2
2
38
36
36
4
33
7
8
2
4
44
15
8
33
4
4
33
2
43
44
2
32
40
33
38
2
2
43
38
44
32
33
2
7
44
2
2
4
4
36
4
2
14
28
4
2
15
44
33
2
24
2
2
2
36
4
2
2
2
4
8
15
2
7
26
2
26
2
4
26
2
2
28
2
26
26
4
43
2
2
13
2
2
2
33
33
7
33
2
43
38
15
2
2
4
44
2
2
8
12
43
2
26
44
15
4
7
2
2
4
33
2
2
2
2
33
44
43
15
33
32
2
15
2
15
2
4
36
32
38
2
33
8
2
15
33
2
12
30
33
2
2
33
2
2
2
2
43
4
4
38
33
33
7
8
15
2
44
33
2
2
44
36
8
38
14
2
43
15
33
2
4
2
2
33
2
2
44
2
2
4
2
44
32
2
33
4
44
33
36
2
32
2
38
2
2
33
13
26
2
15
38
2
2
4
28
2
36
29
44
14
4
36
14
30
2
15
2
2
44
2
33
2
8
36
2
2
8
2
33
4
2
8
2
2
43
4
4
38
44
2
2
15
36
38
15
33
2
2
2
33
2
15
2
44
2
2
41
2
28
2
15
44
2
2
33
2
2
15
2
44
4
26
24
2
2
15
44
15
8
15
4
33
44
43
15
33
2
38
28
8
2
33
46
4
33
33
2
2
44
2
38
15
24
8
24
38
13
2
33
2
8
8
38
2
33
15
43
2
8
4
13
28
33
7
4
43
26
15
28
44
43
43
2
44
2
38
15
2
28
28
38
2
36
2
2
7
38
2
