31
6
24
50
5
15
30
30
0
11
0
15
31
46
60
59
40
56
38
45
38
30
3
2
37
1
17
56
21
54
46
32
39
32
18
60
14
42
46
60
48
34
45
37
5
47
3
43
44
41
45
60
41
44
59
41
44
19
45
1
0
45
58
41
32
39
4
33
33
56
39
5
46
59
60
11
2
47
18
45
48
58
59
17
5
59
20
53
43
23
11
34
21
42
33
20
16
16
59
52
38
40
42
42
32
16
2
46
53
40
40
1
30
53
58
50
31
60
0
23
58
17
59
43
42
40
39
21
16
1
4
4
10
42
19
5
33
13
46
38
38
43
20
59
56
45
59
32
0
41
41
34
34
54
19
23
41
37
31
58
34
6
48
54
47
36
1
47
54
1
52
37
48
34
16
54
37
3
23
41
20
23
3
8
57
26
31
49
12
28
25
11
14
27
26
30
29
10
13
11
50
29
13
55
27
8
7
28
55
31
49
8
14
20
8
29
21
27
57
61
9
15
25
61
57
61
19
20
13
25
15
31
50
9
29
57
10
8
10
7
21
10
8
20
61
20
12
57
25
6
11
53
10
28
14
27
15
51
6
7
28
25
50
20
28
9
55
6
10
51
8
11
50
12
29
57
9
11
28
14
6
57
19
10
13
50
53
19
55
7
61
14
31
29
26
30
57
7
24
49
25
24
27
61
55
51
14
50
27
55
