3
19
2
6
28
5
38
26
0
28
33
34
2
26
38
1
1
21
34
5
8
22
2
30
43
8
29
2
36
7
34
15
40
2
8
26
7
2
1
28
26
33
22
8
26
22
22
38
0
38
2
26
13
28
2
36
6
7
33
47
26
36
33
38
8
41
26
19
7
38
22
9
29
26
2
2
52
26
7
7
47
47
33
6
52
30
44
2
34
24
8
28
29
12
43
21
33
22
34
29
24
40
22
34
13
4
34
34
8
7
34
26
1
2
36
34
3
3
26
26
47
21
38
4
8
26
32
33
34
8
33
2
28
38
11
15
2
43
22
2
44
1
33
14
12
32
15
8
52
43
31
38
19
38
31
12
7
33
13
3
40
36
5
7
26
28
34
38
6
45
41
2
33
22
34
12
32
22
28
13
8
38
40
22
31
22
7
28
28
15
38
31
34
1
6
29
2
36
26
6
52
2
2
24
38
38
22
33
26
38
26
22
22
30
1
13
8
2
2
13
12
7
34
22
33
36
1
38
2
7
2
38
52
4
22
38
24
3
0
45
5
12
40
30
43
8
5
2
52
3
33
43
5
38
26
32
30
24
4
22
7
5
8
32
2
31
2
28
6
28
28
13
8
38
8
2
11
33
30
29
8
2
21
7
22
38
8
31
43
26
2
33
16
47
28
36
29
2
26
31
24
8
40
30
4
2
2
7
26
38
