8
8
13
74
8
8
8
8
38
66
245
38
8
63
8
38
38
8
9
38
38
8
9
8
8
66
72
8
8
8
148
8
82
82
8
8
8
26
8
63
72
8
38
8
8
148
38
38
8
66
72
26
8
63
38
9
8
8
74
186
8
63
66
8
8
8
8
63
63
9
8
8
38
72
8
8
8
8
38
26
72
8
8
38
38
38
61
240
66
8
6
8
38
38
72
8
8
8
8
8
72
4
8
8
38
8
8
186
8
11
65
64
38
38
8
6
72
8
38
80
72
38
63
38
26
38
8
181
8
38
8
8
8
330
148
38
8
8
6
17
38
38
63
8
66
8
65
38
26
72
61
8
8
8
72
38
9
61
8
38
8
8
38
8
8
8
8
6
8
74
38
148
38
38
63
72
9
63
51
8
26
72
17
38
38
240
8
8
38
72
8
38
8
43
63
26
72
8
8
72
38
61
66
8
8
66
61
82
8
38
63
38
53
38
72
6
8
38
72
8
80
8
64
66
63
72
38
63
38
135
38
8
8
63
9
8
66
72
72
38
51
63
63
72
8
8
63
38
8
38
66
66
8
8
66
72
72
8
8
63
38
72
61
169
38
38
38
8
38
8
8
63
63
8
38
63
26
8
63
38
8
82
8
26
8
65
66
51
38
38
26
8
8
38
63
38
38
38
64
8
8
8
8
8
38
38
8
26
38
8
8
80
8
262
330
8
8
26
9
72
38
8
38
74
8
6
38
8
8
8
8
38
38
38
38
8
72
8
8
63
8
38
8
8
38
66
72
8
8
8
8
63
63
63
8
8
8
8
240
26
80
8
8
8
8
38
186
38
38
148
66
204
38
63
8
63
8
8
26
8
72
8
65
8
38
72
8
63
9
8
38
8
8
8
8
116
8
9
80
26
8
8
8
38
8
72
8
8
8
8
38
63
38
8
55
74
63
4
63
4
74
8
8
8
72
38
26
8
8
8
240
38
66
8
8
8
8
8
72
125
8
72
8
8
8
38
74
8
8
26
72
240
8
8
26
63
66
8
38
72
66
38
63
74
66
6
8
8
38
8
8
8
38
8
8
74
38
8
63
8
240
66
61
63
8
8
74
38
8
74
8
8
66
63
72
74
8
26
8
8
52
8
63
8
38
8
72
38
8
8
38
72
63
8
26
8
8
66
38
80
72
8
8
66
38
38
8
8
38
8
38
38
8
8
72
8
8
26
26
63
8
8
8
240
8
8
38
63
38
8
74
38
38
66
66
66
26
63
8
38
38
8
8
63
38
8
64
8
8
8
8
38
8
38
8
72
38
38
63
161
8
8
61
72
38
38
4
38
8
8
72
63
72
63
38
8
26
38
8
8
38
38
8
8
8
63
8
72
8
8
82
38
8
8
38
8
8
63
72
8
8
38
8
26
63
74
38
8
8
38
8
8
72
8
8
72
38
180
8
66
63
38
38
8
38
63
186
38
8
38
8
8
194
26
66
63
38
66
245
63
8
72
38
8
8
8
8
38
8
38
8
8
8
8
63
72
63
8
8
38
38
66
8
63
8
9
65
8
8
8
38
38
8
8
38
26
38
72
8
63
38
8
8
8
180
8
8
8
26
38
8
8
8
8
26
8
38
63
8
72
26
63
38
8
8
6
74
8
74
8
63
8
26
8
8
66
38
38
8
8
8
8
38
8
8
8
38
72
8
38
8
63
63
72
26
8
8
8
65
8
66
80
80
74
8
8
38
8
63
8
8
8
38
8
8
8
63
8
63
8
72
66
72
80
240
63
8
72
72
38
8
38
63
38
72
63
38
135
8
65
9
8
74
26
8
53
108
26
26
8
26
8
63
8
8
38
8
8
80
38
8
386
38
8
8
38
8
66
63
38
9
8
74
38
8
38
38
8
38
38
8
8
38
8
26
8
38
9
66
8
61
26
38
8
8
38
66
38
63
26
66
38
26
26
8
63
63
8
8
38
244
63
8
63
61
63
8
74
38
74
26
8
63
8
72
8
38
38
8
38
72
8
9
8
8
63
8
38
72
38
8
38
38
63
72
8
63
72
38
38
8
66
63
61
8
8
8
8
63
9
8
66
38
8
38
9
6
8
26
8
63
38
8
51
8
8
8
38
8
72
63
26
63
8
38
38
74
66
8
8
244
8
38
8
385
8
63
119
8
8
38
8
186
8
61
66
63
8
8
9
8
8
66
8
63
38
8
8
38
38
63
38
74
8
8
8
8
38
63
8
38
8
8
53
8
8
119
72
38
8
