229.0
415.0
403.0
368.0
202.0
403.0
471.0
329.0
450.0
368.0
451.0
400.0
471.0
346.0
346.0
345.0
403.0
347.0
348.0
203.0
471.0
93.0
237.0
26.0
360.0
455.0
409.0
393.0
410.0
66.0
249.0
1.0
246.0
83.0
447.0
428.0
239.0
268.0
430.0
95.0
174.0
205.0
287.0
455.0
273.0
290.0
316.0
413.0
409.0
237.0
244.0
284.0
250.0
284.0
286.0
11.0
322.0
187.0
205.0
66.0
249.0
417.0
66.0
455.0
54.0
239.0
430.0
440.0
187.0
174.0
398.0
353.0
230.0
11.0
398.0
410.0
438.0
409.0
382.0
479.0
310.0
310.0
240.0
249.0
322.0
26.0
172.0
482.0
3.0
12.0
27.0
165.0
409.0
173.0
425.0
240.0
24.0
411.0
432.0
424.0
262.0
287.0
100.0
1.0
410.0
239.0
184.0
382.0
327.0
363.0
353.0
65.0
229.0
363.0
410.0
242.0
427.0
424.0
434.0
86.0
184.0
260.0
274.0
239.0
320.0
427.0
425.0
95.0
260.0
9.0
448.0
436.0
352.0
96.0
100.0
359.0
273.0
172.0
324.0
435.0
98.0
246.0
390.0
92.0
94.0
75.0
362.0
25.0
3.0
425.0
239.0
425.0
98.0
332.0
237.0
472.0
245.0
361.0
96.0
290.0
291.0
435.0
274.0
4.0
239.0
2.0
92.0
482.0
143.0
10.0
244.0
94.0
413.0
352.0
356.0
424.0
249.0
240.0
478.0
165.0
482.0
280.0
238.0
28.0
353.0
361.0
479.0
426.0
274.0
448.0
178.0
200.0
92.0
245.0
356.0
408.0
393.0
208.0
105.0
105.0
324.0
69.0
182.0
180.0
298.0
481.0
100.0
363.0
398.0
9.0
245.0
291.0
447.0
320.0
481.0
237.0
16.0
191.0
13.0
13.0
19.0
449.0
23.0
19.0
417.0
459.0
79.0
247.0
486.0
419.0
419.0
459.0
486.0
75.0
486.0
247.0
417.0
323.0
79.0
173.0
79.0
486.0
490.0
419.0
111.0
490.0
163.0
490.0
490.0
252.0
79.0
77.0
473.0
19.0
168.0
19.0
367.0
419.0
170.0
71.0
260.0
373.0
55.0
180.0
103.0
206.0
271.0
374.0
418.0
192.0
203.0
379.0
78.0
402.0
51.0
330.0
276.0
107.0
329.0
59.0
277.0
23.0
294.0
212.0
432.0
370.0
277.0
449.0
380.0
495.0
22.0
154.0
449.0
213.0
461.0
236.0
308.0
108.0
85.0
276.0
115.0
223.0
101.0
470.0
194.0
325.0
166.0
412.0
5.0
104.0
214.0
61.0
14.0
31.0
292.0
370.0
55.0
469.0
72.0
386.0
295.0
294.0
14.0
364.0
334.0
55.0
416.0
296.0
177.0
165.0
275.0
291.0
192.0
259.0
295.0
389.0
433.0
227.0
123.0
55.0
326.0
275.0
364.0
88.0
352.0
173.0
484.0
284.0
441.0
301.0
470.0
374.0
31.0
223.0
329.0
299.0
57.0
211.0
396.0
260.0
371.0
167.0
380.0
21.0
252.0
67.0
295.0
251.0
175.0
13.0
449.0
487.0
69.0
421.0
276.0
76.0
166.0
300.0
17.0
99.0
57.0
417.0
341.0
398.0
297.0
335.0
109.0
485.0
470.0
40.0
327.0
177.0
423.0
63.0
84.0
274.0
48.0
204.0
65.0
176.0
93.0
276.0
396.0
274.0
384.0
71.0
383.0
82.0
15.0
487.0
52.0
213.0
275.0
429.0
385.0
53.0
67.0
133.0
241.0
134.0
52.0
80.0
362.0
228.0
138.0
49.0
88.0
133.0
228.0
236.0
303.0
54.0
164.0
470.0
43.0
226.0
265.0
473.0
337.0
198.0
85.0
423.0
67.0
190.0
267.0
304.0
429.0
412.0
47.0
70.0
125.0
48.0
48.0
374.0
19.0
337.0
115.0
326.0
125.0
257.0
285.0
386.0
265.0
80.0
190.0
68.0
372.0
89.0
259.0
104.0
241.0
214.0
57.0
312.0
103.0
201.0
309.0
20.0
31.0
411.0
404.0
209.0
93.0
276.0
72.0
364.0
429.0
310.0
21.0
62.0
83.0
54.0
385.0
33.0
225.0
390.0
58.0
466.0
238.0
372.0
350.0
276.0
302.0
72.0
47.0
256.0
345.0
193.0
401.0
212.0
214.0
54.0
226.0
401.0
273.0
383.0
470.0
420.0
402.0
194.0
495.0
44.0
214.0
18.0
395.0
310.0
485.0
166.0
311.0
332.0
82.0
177.0
55.0
171.0
39.0
95.0
166.0
177.0
235.0
212.0
227.0
194.0
213.0
466.0
313.0
20.0
384.0
15.0
175.0
378.0
421.0
257.0
412.0
263.0
241.0
394.0
286.0
383.0
277.0
265.0
487.0
51.0
166.0
203.0
233.0
247.0
308.0
77.0
304.0
114.0
133.0
175.0
163.0
185.0
192.0
212.0
365.0
430.0
275.0
396.0
333.0
312.0
265.0
390.0
107.0
55.0
171.0
259.0
475.0
73.0
362.0
21.0
213.0
218.0
463.0
118.0
116.0
151.0
407.0
344.0
483.0
148.0
121.0
124.0
498.0
122.0
254.0
319.0
494.0
158.0
147.0
496.0
218.0
158.0
496.0
145.0
462.0
496.0
497.0
151.0
159.0
465.0
117.0
137.0
317.0
373.0
437.0
129.0
380.0
497.0
189.0
492.0
159.0
489.0
157.0
147.0
278.0
38.0
488.0
496.0
129.0
465.0
313.0
128.0
343.0
480.0
288.0
397.0
157.0
160.0
148.0
128.0
462.0
130.0
155.0
155.0
489.0
314.0
154.0
406.0
117.0
498.0
129.0
150.0
497.0
124.0
132.0
38.0
497.0
343.0
154.0
499.0
146.0
317.0
148.0
149.0
488.0
248.0
406.0
189.0
120.0
312.0
318.0
314.0
254.0
494.0
255.0
153.0
135.0
373.0
120.0
189.0
463.0
343.0
480.0
113.0
437.0
124.0
480.0
132.0
124.0
480.0
119.0
397.0
122.0
148.0
497.0
155.0
489.0
464.0
254.0
116.0
499.0
254.0
132.0
407.0
139.0
397.0
130.0
406.0
492.0
156.0
136.0
127.0
318.0
254.0
318.0
288.0
131.0
147.0
156.0
278.0
343.0
344.0
129.0
130.0
405.0
480.0
488.0
318.0
489.0
253.0
139.0
122.0
153.0
128.0
319.0
38.0
130.0
151.0
128.0
406.0
407.0
152.0
217.0
464.0
118.0
319.0
464.0
405.0
488.0
39.0
42.0
220.0
222.0
220.0
220.0
44.0
39.0
219.0
115.0
322.0
222.0
45.0
44.0
220.0
44.0
49.0
336.0
388.0
338.0
338.0
432.0
309.0
33.0
388.0
389.0
336.0
37.0
338.0
33.0
337.0
389.0
35.0
35.0
412.0
404.0
34.0
312.0
389.0
379.0
389.0
34.0
388.0
340.0
456.0
289.0
444.0
320.0
351.0
365.0
359.0
342.0
198.0
279.0
442.0
433.0
106.0
446.0
297.0
220.0
332.0
187.0
140.0
316.0
195.0
196.0
29.0
436.0
340.0
87.0
467.0
443.0
30.0
297.0
164.0
375.0
355.0
357.0
199.0
377.0
444.0
238.0
401.0
443.0
242.0
477.0
197.0
224.0
280.0
467.0
280.0
210.0
431.0
431.0
106.0
333.0
359.0
333.0
360.0
279.0
356.0
359.0
111.0
360.0
331.0
477.0
333.0
341.0
133.0
91.0
456.0
468.0
434.0
365.0
491.0
201.0
422.0
354.0
356.0
422.0
88.0
334.0
199.0
242.0
143.0
251.0
443.0
375.0
381.0
355.0
334.0
91.0
436.0
196.0
250.0
30.0
199.0
375.0
466.0
340.0
185.0
210.0
190.0
456.0
441.0
30.0
8.0
228.0
133.0
143.0
323.0
408.0
456.0
441.0
457.0
198.0
196.0
86.0
445.0
106.0
123.0
446.0
439.0
199.0
359.0
445.0
433.0
392.0
30.0
477.0
442.0
242.0
316.0
285.0
360.0
442.0
197.0
242.0
143.0
366.0
484.0
460.0
185.0
446.0
456.0
440.0
90.0
141.0
32.0
375.0
187.0
293.0
325.0
304.0
283.0
267.0
376.0
281.0
303.0
282.0
421.0
306.0
100.0
282.0
476.0
281.0
493.0
420.0
454.0
371.0
350.0
267.0
102.0
453.0
204.0
325.0
376.0
269.0
349.0
476.0
380.0
493.0
454.0
256.0
304.0
452.0
282.0
476.0
493.0
305.0
269.0
294.0
453.0
264.0
493.0
283.0
452.0
302.0
74.0
