8
8
9
74
9
8
8
8
38
66
245
38
8
63
8
38
38
8
9
38
38
8
9
8
8
96
223
8
8
8
38
8
82
82
8
8
8
47
8
63
8
8
148
8
8
148
38
38
8
180
262
26
8
63
38
9
8
8
74
186
8
64
8
8
8
8
8
8
71
9
8
9
38
47
8
8
8
108
38
183
72
8
8
38
38
38
61
240
66
8
385
8
38
38
47
8
8
8
8
8
72
4
8
8
38
8
8
186
8
316
180
64
38
116
8
6
72
8
38
80
267
38
63
38
4
38
8
181
8
38
8
8
8
0
148
38
8
8
63
17
38
38
72
8
43
8
65
38
26
72
61
8
8
8
72
38
9
8
8
38
8
8
38
8
8
8
8
0
8
204
38
116
38
38
63
72
9
63
51
8
26
47
17
38
38
63
8
8
38
72
8
38
8
43
63
180
72
8
8
66
38
61
43
8
8
180
84
82
64
38
8
38
386
38
74
6
8
38
17
8
63
8
64
180
55
72
38
63
38
135
38
8
8
72
9
8
66
72
235
38
51
63
63
55
8
9
164
38
8
38
43
43
8
8
43
72
180
8
8
63
38
8
61
66
38
38
38
8
38
8
8
65
63
8
38
63
47
8
47
38
8
82
8
245
8
65
66
51
38
38
26
8
8
38
385
38
38
38
64
8
8
8
8
8
148
38
8
55
38
8
8
134
8
262
6
8
8
8
9
72
38
8
38
74
8
63
38
8
8
8
8
38
38
38
38
8
72
8
8
63
8
38
8
8
38
180
8
8
8
72
8
64
63
63
8
8
8
8
240
47
72
8
8
8
8
38
186
38
38
148
8
204
38
60
8
245
8
8
244
8
47
8
65
8
38
47
8
63
9
8
38
8
8
8
8
38
8
84
80
26
8
8
8
38
8
47
8
8
8
8
38
69
38
8
55
74
63
4
63
4
74
8
8
8
264
38
244
8
8
8
240
38
180
8
8
8
8
8
72
9
8
72
8
8
8
301
74
8
8
26
47
63
8
8
26
47
180
8
38
72
43
38
69
74
43
6
8
8
38
8
8
8
38
8
8
74
38
8
72
8
240
66
61
74
8
8
74
38
8
74
8
8
43
63
72
74
8
183
8
8
52
8
72
8
38
8
72
38
8
8
8
72
63
8
9
8
8
245
38
80
207
8
8
244
38
38
8
8
38
8
38
38
8
8
72
8
8
43
47
63
8
8
8
240
8
8
38
63
38
8
74
38
38
63
43
66
4
236
8
38
38
8
8
63
38
8
72
8
8
8
8
38
8
38
8
72
38
38
55
161
8
8
61
72
38
38
4
38
9
8
72
63
72
47
38
8
11
38
8
8
38
38
8
9
8
8
8
72
8
8
82
38
8
8
38
8
8
63
72
72
8
38
8
63
63
74
38
8
8
38
8
8
72
8
8
72
38
180
8
180
385
38
38
8
38
63
96
38
8
38
8
8
17
26
43
63
38
43
245
63
8
8
38
8
8
9
8
38
9
38
8
8
8
8
65
72
63
8
8
38
38
66
8
63
8
9
65
8
8
8
38
38
8
8
38
26
38
72
8
63
38
8
8
8
180
8
8
8
26
38
8
8
8
8
181
8
38
63
8
72
8
63
38
8
8
386
74
8
74
8
63
9
4
8
8
43
38
38
8
8
8
8
38
8
8
8
38
72
8
38
8
63
9
264
27
8
8
8
65
8
8
80
63
74
8
8
38
8
63
8
8
8
38
8
8
8
4
8
63
8
72
182
74
80
240
63
8
74
72
38
8
38
58
38
47
164
38
38
8
65
9
8
204
4
8
53
0
26
26
8
43
8
63
8
8
38
8
8
80
38
8
386
38
8
8
38
8
72
8
38
9
8
74
38
8
38
38
8
38
38
8
8
38
8
26
8
38
9
8
8
165
4
38
8
8
38
8
38
65
183
72
38
244
4
8
63
63
8
8
38
244
63
8
63
61
63
8
74
38
74
26
9
63
8
8
8
38
148
8
38
72
8
8
8
8
385
8
38
47
38
8
38
38
63
74
8
63
72
38
148
8
66
74
61
8
8
8
8
55
9
8
72
38
8
38
9
63
8
4
8
58
38
8
51
8
8
8
38
8
72
63
26
80
8
38
38
74
235
8
8
244
8
38
8
385
8
8
119
8
8
38
8
96
8
181
66
63
8
8
9
8
8
43
8
63
38
8
8
38
38
63
38
74
8
8
8
8
38
63
8
38
8
8
53
8
8
38
72
38
8
