5.0
6.0
6.0
5.0
6.0
6.0
6.0
1.0
1.0
5.0
6.0
77.0
25.0
83.0
65.0
25.0
10.0
88.0
52.0
26.0
27.0
81.0
11.0
11.0
2.0
28.0
29.0
3.0
79.0
90.0
44.0
97.0
65.0
3.0
62.0
9.0
96.0
25.0
52.0
79.0
43.0
69.0
96.0
41.0
50.0
8.0
41.0
94.0
28.0
69.0
96.0
41.0
11.0
11.0
26.0
9.0
12.0
86.0
98.0
69.0
94.0
27.0
6.0
28.0
66.0
25.0
65.0
27.0
41.0
27.0
87.0
88.0
3.0
4.0
96.0
2.0
55.0
59.0
75.0
90.0
88.0
10.0
70.0
43.0
84.0
3.0
78.0
11.0
95.0
26.0
3.0
93.0
69.0
24.0
42.0
66.0
97.0
17.0
41.0
99.0
66.0
83.0
55.0
2.0
94.0
55.0
12.0
95.0
75.0
53.0
95.0
11.0
93.0
7.0
92.0
4.0
44.0
65.0
96.0
2.0
93.0
3.0
11.0
94.0
99.0
92.0
2.0
8.0
77.0
52.0
72.0
79.0
41.0
4.0
52.0
72.0
62.0
72.0
77.0
59.0
53.0
0.0
81.0
81.0
17.0
95.0
12.0
51.0
89.0
65.0
65.0
77.0
69.0
52.0
24.0
45.0
4.0
4.0
25.0
2.0
92.0
11.0
94.0
98.0
96.0
24.0
59.0
65.0
3.0
72.0
63.0
95.0
45.0
54.0
45.0
11.0
87.0
66.0
81.0
78.0
2.0
66.0
83.0
98.0
96.0
64.0
55.0
95.0
42.0
28.0
96.0
88.0
90.0
27.0
65.0
96.0
95.0
81.0
95.0
93.0
98.0
60.0
2.0
3.0
11.0
12.0
47.0
90.0
41.0
81.0
41.0
12.0
27.0
4.0
63.0
93.0
57.0
92.0
87.0
12.0
66.0
94.0
87.0
95.0
97.0
11.0
42.0
4.0
44.0
76.0
17.0
90.0
48.0
75.0
95.0
42.0
28.0
52.0
11.0
92.0
93.0
80.0
78.0
83.0
2.0
95.0
90.0
25.0
98.0
92.0
27.0
62.0
92.0
24.0
16.0
96.0
10.0
69.0
63.0
62.0
44.0
24.0
93.0
94.0
69.0
83.0
3.0
88.0
27.0
65.0
82.0
17.0
97.0
12.0
67.0
2.0
3.0
80.0
85.0
18.0
23.0
13.0
18.0
19.0
20.0
16.0
85.0
19.0
22.0
13.0
77.0
77.0
74.0
17.0
79.0
79.0
75.0
16.0
13.0
75.0
17.0
76.0
17.0
79.0
19.0
19.0
23.0
16.0
16.0
6.0
83.0
60.0
0.0
21.0
45.0
61.0
82.0
80.0
82.0
65.0
94.0
20.0
99.0
46.0
23.0
67.0
23.0
72.0
53.0
7.0
80.0
40.0
50.0
72.0
42.0
41.0
4.0
58.0
9.0
10.0
57.0
75.0
5.0
43.0
39.0
7.0
14.0
89.0
47.0
40.0
51.0
22.0
83.0
61.0
88.0
15.0
48.0
6.0
56.0
58.0
77.0
0.0
46.0
15.0
60.0
1.0
39.0
19.0
9.0
21.0
21.0
85.0
58.0
49.0
18.0
70.0
44.0
63.0
50.0
22.0
58.0
20.0
53.0
55.0
59.0
2.0
73.0
15.0
72.0
80.0
40.0
60.0
54.0
59.0
25.0
7.0
69.0
97.0
8.0
21.0
64.0
23.0
83.0
89.0
72.0
56.0
53.0
80.0
64.0
54.0
48.0
31.0
32.0
60.0
1.0
62.0
23.0
79.0
32.0
14.0
75.0
48.0
47.0
44.0
64.0
28.0
26.0
84.0
15.0
43.0
82.0
83.0
31.0
56.0
16.0
67.0
45.0
39.0
24.0
89.0
72.0
31.0
23.0
78.0
69.0
69.0
10.0
51.0
14.0
52.0
98.0
70.0
13.0
15.0
13.0
58.0
17.0
80.0
62.0
47.0
60.0
81.0
68.0
62.0
98.0
58.0
24.0
75.0
50.0
60.0
71.0
58.0
61.0
0.0
40.0
12.0
66.0
49.0
51.0
70.0
48.0
9.0
48.0
20.0
56.0
85.0
50.0
59.0
62.0
46.0
18.0
15.0
55.0
89.0
46.0
20.0
19.0
31.0
7.0
58.0
79.0
46.0
91.0
64.0
53.0
39.0
30.0
40.0
65.0
72.0
24.0
20.0
22.0
89.0
68.0
55.0
71.0
26.0
5.0
49.0
0.0
50.0
70.0
67.0
77.0
0.0
53.0
56.0
53.0
58.0
88.0
28.0
28.0
18.0
21.0
80.0
91.0
21.0
85.0
51.0
43.0
49.0
64.0
5.0
89.0
6.0
50.0
79.0
53.0
7.0
54.0
92.0
49.0
55.0
14.0
19.0
13.0
14.0
47.0
39.0
9.0
81.0
5.0
42.0
42.0
61.0
84.0
99.0
71.0
85.0
67.0
69.0
59.0
61.0
64.0
26.0
12.0
2.0
70.0
47.0
40.0
91.0
10.0
97.0
68.0
9.0
65.0
60.0
13.0
8.0
31.0
26.0
48.0
86.0
59.0
47.0
7.0
75.0
15.0
72.0
42.0
58.0
28.0
76.0
60.0
89.0
31.0
21.0
5.0
59.0
72.0
52.0
1.0
14.0
30.0
72.0
83.0
73.0
70.0
71.0
81.0
18.0
18.0
40.0
41.0
67.0
58.0
50.0
61.0
23.0
57.0
97.0
28.0
48.0
85.0
18.0
41.0
60.0
39.0
72.0
89.0
81.0
67.0
54.0
91.0
69.0
46.0
46.0
9.0
96.0
57.0
94.0
97.0
21.0
14.0
97.0
42.0
80.0
31.0
54.0
20.0
85.0
58.0
58.0
71.0
97.0
58.0
48.0
49.0
34.0
24.0
20.0
31.0
80.0
1.0
24.0
46.0
11.0
13.0
63.0
42.0
23.0
7.0
9.0
78.0
54.0
85.0
5.0
20.0
65.0
89.0
64.0
50.0
7.0
1.0
22.0
5.0
48.0
78.0
49.0
23.0
40.0
5.0
83.0
73.0
50.0
71.0
55.0
23.0
64.0
71.0
6.0
29.0
2.0
48.0
47.0
69.0
57.0
14.0
58.0
16.0
76.0
71.0
39.0
41.0
26.0
57.0
69.0
42.0
28.0
31.0
79.0
85.0
55.0
30.0
82.0
63.0
98.0
57.0
67.0
18.0
97.0
85.0
60.0
84.0
0.0
93.0
56.0
67.0
59.0
43.0
66.0
22.0
66.0
9.0
68.0
49.0
50.0
69.0
88.0
58.0
53.0
7.0
68.0
13.0
31.0
14.0
13.0
92.0
70.0
46.0
40.0
0.0
46.0
1.0
71.0
72.0
84.0
82.0
50.0
67.0
57.0
76.0
54.0
94.0
48.0
54.0
6.0
14.0
12.0
76.0
78.0
47.0
1.0
48.0
22.0
50.0
78.0
85.0
78.0
70.0
39.0
61.0
23.0
41.0
88.0
43.0
40.0
76.0
26.0
68.0
39.0
52.0
40.0
24.0
66.0
41.0
82.0
0.0
71.0
57.0
99.0
19.0
3.0
63.0
30.0
41.0
52.0
55.0
46.0
38.0
38.0
38.0
38.0
38.0
49.0
38.0
38.0
40.0
42.0
42.0
44.0
39.0
44.0
40.0
35.0
34.0
49.0
33.0
34.0
34.0
33.0
35.0
33.0
35.0
36.0
37.0
37.0
35.0
33.0
36.0
34.0
35.0
33.0
37.0
33.0
49.0
33.0
76.0
37.0
37.0
35.0
33.0
33.0
33.0
34.0
36.0
34.0
33.0
36.0
36.0
37.0
35.0
34.0
34.0
49.0
36.0
37.0
37.0
36.0
35.0
86.0
88.0
45.0
64.0
32.0
87.0
29.0
84.0
22.0
90.0
89.0
29.0
32.0
90.0
9.0
17.0
87.0
62.0
30.0
89.0
32.0
7.0
11.0
86.0
25.0
30.0
32.0
63.0
28.0
89.0
30.0
87.0
29.0
89.0
90.0
86.0
81.0
87.0
90.0
91.0
86.0
84.0
88.0
86.0
91.0
87.0
77.0
8.0
8.0
29.0
79.0
45.0
32.0
32.0
29.0
87.0
10.0
17.0
45.0
91.0
10.0
87.0
29.0
84.0
68.0
30.0
11.0
68.0
8.0
86.0
7.0
19.0
89.0
17.0
91.0
29.0
29.0
81.0
75.0
86.0
86.0
7.0
10.0
76.0
32.0
8.0
77.0
90.0
96.0
64.0
29.0
95.0
87.0
14.0
7.0
99.0
99.0
74.0
99.0
74.0
74.0
74.0
74.0
74.0
14.0
74.0
16.0
99.0
85.0
