38
63
8
8
65
38
8
186
8
51
8
38
183
38
74
8
8
63
38
47
58
8
244
47
148
8
8
8
38
38
8
8
38
8
8
38
8
47
17
132
84
38
8
74
245
9
8
264
8
262
38
38
38
8
8
8
55
38
8
9
63
244
43
43
8
38
8
38
43
59
180
8
63
38
8
38
8
74
38
8
8
161
181
63
8
38
26
8
43
264
8
8
72
8
38
8
69
385
63
63
74
47
63
38
8
63
63
148
38
38
63
80
183
8
148
38
64
8
38
38
8
74
264
180
38
38
172
60
69
72
63
8
8
38
38
38
17
38
38
8
43
8
72
66
72
8
8
38
38
38
63
8
38
240
245
8
9
8
148
8
47
38
4
8
161
72
74
244
38
63
51
43
8
38
38
8
43
43
61
8
6
8
63
38
8
8
63
63
63
8
38
148
38
9
8
183
63
8
38
38
8
63
8
38
38
80
53
38
148
38
38
38
55
8
74
72
38
43
61
38
38
38
26
47
38
38
8
174
8
63
38
43
74
133
38
4
8
235
8
8
38
0
8
180
183
240
38
38
38
72
8
38
8
38
38
38
186
186
61
8
38
135
38
38
63
63
72
283
38
63
38
74
63
38
8
65
38
74
38
8
47
8
38
63
169
26
180
148
8
26
181
74
6
8
8
8
63
43
132
8
8
8
38
290
180
8
8
