345.0
400.0
368.0
368.0
345.0
6.0
345.0
399.0
329.0
399.0
330.0
330.0
348.0
330.0
400.0
403.0
368.0
6.0
345.0
345.0
345.0
400.0
345.0
345.0
345.0
348.0
413.0
429.0
435.0
183.0
245.0
429.0
429.0
183.0
245.0
25.0
10.0
429.0
183.0
183.0
180.0
363.0
183.0
390.0
179.0
182.0
363.0
245.0
183.0
183.0
183.0
183.0
429.0
398.0
240.0
363.0
93.0
245.0
4.0
183.0
183.0
295.0
423.0
183.0
363.0
289.0
243.0
413.0
363.0
413.0
429.0
413.0
240.0
363.0
363.0
429.0
25.0
188.0
478.0
183.0
363.0
243.0
21.0
21.0
473.0
163.0
473.0
163.0
111.0
473.0
473.0
414.0
320.0
414.0
414.0
320.0
227.0
58.0
259.0
209.0
259.0
55.0
259.0
227.0
259.0
47.0
47.0
209.0
223.0
475.0
51.0
259.0
227.0
165.0
57.0
51.0
223.0
259.0
223.0
470.0
223.0
62.0
57.0
158.0
139.0
489.0
112.0
136.0
463.0
488.0
136.0
139.0
254.0
139.0
147.0
146.0
497.0
118.0
489.0
288.0
317.0
483.0
120.0
147.0
146.0
489.0
344.0
146.0
489.0
131.0
139.0
135.0
489.0
397.0
146.0
146.0
139.0
319.0
146.0
136.0
139.0
116.0
463.0
147.0
344.0
139.0
155.0
139.0
151.0
127.0
489.0
489.0
136.0
147.0
155.0
397.0
147.0
397.0
139.0
131.0
127.0
189.0
139.0
122.0
122.0
489.0
146.0
146.0
139.0
155.0
136.0
437.0
115.0
219.0
45.0
114.0
115.0
44.0
115.0
44.0
114.0
114.0
338.0
78.0
75.0
388.0
338.0
312.0
33.0
338.0
339.0
76.0
396.0
33.0
339.0
336.0
339.0
311.0
78.0
336.0
412.0
388.0
75.0
78.0
442.0
125.0
365.0
392.0
445.0
438.0
197.0
355.0
30.0
185.0
446.0
198.0
84.0
206.0
251.0
307.0
354.0
442.0
359.0
30.0
307.0
210.0
441.0
342.0
356.0
185.0
342.0
438.0
484.0
238.0
442.0
29.0
442.0
354.0
442.0
441.0
427.0
206.0
210.0
434.0
365.0
199.0
251.0
210.0
251.0
358.0
392.0
457.0
446.0
30.0
442.0
285.0
332.0
440.0
81.0
340.0
30.0
106.0
354.0
307.0
354.0
477.0
81.0
7.0
293.0
293.0
302.0
293.0
302.0
325.0
303.0
302.0
264.0
248.0
74.0
256.0
256.0
293.0
306.0
493.0
256.0
395.0
256.0
