38
38
80
8
9
8
8
8
38
8
26
8
8
55
26
8
135
38
26
38
63
38
8
80
8
8
8
26
38
8
8
8
63
8
8
38
66
38
26
8
51
8
63
8
38
61
8
8
38
8
63
8
6
38
38
26
8
8
8
8
38
8
63
8
72
6
66
135
80
8
38
66
63
8
74
65
66
8
8
38
66
8
8
38
74
38
8
38
8
38
26
74
72
8
72
8
8
26
38
72
119
38
8
174
8
38
66
72
8
38
8
386
8
119
38
8
8
38
66
80
8
17
38
63
8
8
8
8
8
38
38
72
26
6
8
63
8
38
26
8
38
8
8
8
61
8
72
290
38
8
8
72
8
26
74
8
66
63
17
26
66
63
63
72
74
8
8
8
38
8
72
8
26
38
8
38
8
61
8
8
38
53
38
63
8
82
8
8
26
8
38
8
55
38
8
8
72
8
8
74
66
61
26
8
8
8
8
8
66
8
26
26
8
8
38
63
63
8
38
72
148
38
63
9
72
38
197
8
8
38
135
38
63
9
74
8
55
8
26
63
8
72
148
8
240
8
8
74
63
8
74
63
52
8
8
26
63
8
8
8
38
38
8
8
6
38
63
8
53
72
8
8
74
26
72
63
6
72
8
8
63
72
8
181
66
8
66
72
66
240
38
9
8
8
8
38
38
38
8
63
8
63
74
26
72
66
8
63
38
8
26
8
8
8
72
8
148
8
8
66
8
63
26
72
74
8
38
38
8
61
8
72
63
8
8
72
38
8
38
66
8
8
66
8
135
8
38
8
38
8
38
8
6
8
63
8
8
82
72
38
38
38
38
8
38
8
38
72
72
8
231
8
38
61
8
26
231
8
38
26
8
148
38
148
8
8
38
8
26
26
63
61
74
26
63
38
72
8
8
8
63
8
72
26
8
8
8
38
26
38
8
72
26
26
63
8
38
38
8
8
8
63
72
8
82
61
8
6
63
52
8
8
38
38
72
38
8
240
8
63
38
9
26
38
38
8
8
63
38
38
8
63
8
8
8
8
8
38
63
38
8
63
8
8
8
38
8
8
63
8
38
8
38
63
80
8
8
8
8
80
8
38
63
8
116
8
74
26
8
72
74
66
8
38
63
8
63
38
26
8
26
6
65
8
8
8
26
80
8
63
8
61
26
38
63
72
8
26
8
26
148
38
63
72
8
132
38
8
72
8
80
8
8
38
38
26
8
38
65
8
74
8
63
8
72
64
74
38
8
38
8
9
8
8
8
63
8
8
82
8
38
9
59
72
8
8
38
63
9
72
8
72
8
8
38
8
8
8
72
63
26
38
8
8
8
38
8
63
8
38
8
8
38
53
8
8
8
38
8
26
63
80
38
63
8
8
26
80
8
38
26
8
66
8
80
8
8
38
38
63
63
38
38
17
63
8
52
186
8
8
8
72
8
8
63
38
63
38
38
8
38
8
8
80
74
8
38
8
8
63
72
38
8
74
38
26
72
63
72
72
38
8
8
8
8
26
8
38
8
72
8
9
38
61
8
8
8
8
8
6
8
38
26
8
26
38
8
8
38
8
8
82
63
8
8
51
9
63
38
63
8
72
164
65
8
8
26
26
38
66
63
38
72
74
8
63
8
82
26
72
8
74
8
66
26
8
72
8
38
63
38
8
72
26
9
63
8
8
74
8
116
72
8
38
8
8
26
51
63
8
63
80
38
8
8
80
66
8
8
38
8
8
8
72
8
8
8
8
5
8
8
38
72
8
135
38
8
8
38
8
8
240
8
9
8
38
26
38
72
8
38
148
38
8
38
6
8
38
38
38
8
8
8
72
8
38
9
8
8
8
8
8
26
8
38
26
8
65
38
38
8
8
8
61
26
72
38
63
72
8
80
8
8
9
8
8
38
26
38
38
38
38
8
8
8
8
72
63
80
26
38
26
38
72
8
8
38
74
72
148
245
63
8
61
38
6
38
8
38
8
38
8
8
38
26
38
38
72
8
8
8
164
8
72
38
26
38
63
38
66
63
72
63
38
8
38
8
82
72
51
8
38
38
8
8
38
38
26
72
8
63
8
80
38
8
8
231
8
8
74
8
8
38
72
8
8
38
63
74
38
66
61
8
8
8
38
161
8
8
66
244
66
8
38
8
245
8
38
8
66
72
63
66
82
8
8
66
8
8
9
8
63
8
72
26
26
8
8
8
26
72
38
38
66
55
38
8
80
38
38
63
26
8
61
244
8
38
66
26
8
38
38
8
135
9
8
26
38
66
8
