8
260
33
17
75
17
6
204
8
0
17
39
39
8
8
8
8
17
8
8
422
385
72
8
17
8
207
8
46
17
8
8
17
8
8
8
8
8
33
8
169
220
418
46
72
8
39
311
0
8
8
8
386
168
8
8
8
6
8
311
8
8
8
0
8
33
8
63
8
8
75
0
8
78
6
39
8
8
74
33
133
8
46
39
220
8
8
8
8
38
8
8
74
260
0
17
46
8
8
8
0
8
8
72
8
17
311
292
17
8
0
17
46
17
8
8
0
39
17
8
17
17
17
294
8
125
373
17
39
33
8
39
8
46
17
294
17
8
223
74
74
233
8
8
63
17
8
8
39
8
39
8
46
8
8
17
8
74
8
8
17
39
8
92
17
8
8
8
379
8
8
207
74
17
39
8
8
74
8
8
8
74
8
8
8
8
8
8
46
8
8
72
29
8
74
17
8
0
33
8
17
17
8
29
17
8
78
0
33
46
46
39
8
8
8
8
8
379
22
8
33
8
17
187
74
74
8
8
8
8
6
38
33
260
17
8
39
8
39
8
220
8
8
264
8
8
8
8
8
8
17
78
74
33
74
8
92
8
8
17
8
8
8
74
107
33
17
17
17
72
17
223
8
8
8
75
8
8
8
8
8
8
33
8
8
8
25
78
8
33
294
8
78
125
8
8
8
8
72
33
78
39
80
379
8
0
8
101
8
92
74
8
220
8
33
8
17
8
46
8
8
380
8
46
8
17
8
8
8
17
46
74
8
8
8
40
8
125
8
17
8
46
17
74
17
233
8
39
8
101
8
8
8
8
8
46
0
17
17
8
379
223
72
8
8
8
294
17
38
46
78
8
8
8
8
78
78
39
74
379
29
92
8
8
39
8
8
8
8
74
8
379
8
33
17
17
8
8
8
438
8
39
8
233
63
8
8
0
8
373
38
0
8
46
8
72
8
63
8
220
8
8
17
0
17
39
0
8
8
8
33
0
8
8
72
8
8
8
8
63
101
8
17
33
17
6
78
17
74
92
8
39
26
331
17
17
17
8
78
8
125
74
8
74
8
0
8
6
46
17
8
8
8
33
8
8
8
17
8
8
379
311
39
233
17
438
17
8
17
8
8
8
133
46
39
8
78
8
8
0
39
8
39
8
22
283
8
8
8
386
8
267
72
74
8
8
38
8
8
8
8
8
74
8
29
8
0
25
46
17
220
8
8
8
8
39
46
8
260
8
8
460
8
78
74
8
197
8
8
8
17
8
8
8
8
8
39
8
438
0
46
8
8
8
8
311
8
0
17
8
8
8
92
8
39
72
8
8
8
8
78
8
17
8
8
8
72
8
8
0
8
72
379
8
0
17
39
8
8
8
63
92
39
17
8
39
72
107
8
8
38
63
8
8
8
17
17
8
40
39
8
72
46
78
8
17
8
80
8
8
8
63
8
8
8
8
46
6
133
248
39
8
33
63
39
8
8
17
8
8
8
8
39
8
8
116
29
8
74
46
46
8
8
8
33
63
8
8
8
356
8
17
17
8
220
39
223
8
17
72
8
8
8
8
17
74
8
294
294
422
8
46
72
17
46
17
8
125
380
379
8
17
8
74
17
92
0
8
8
125
8
8
17
8
39
17
8
8
8
78
92
8
17
0
17
260
8
8
8
74
8
46
8
92
0
8
8
17
17
0
38
17
0
8
46
78
8
125
46
8
17
33
33
29
220
39
0
63
8
63
46
311
63
233
8
39
17
74
66
0
29
8
46
46
74
8
8
0
311
8
72
223
8
8
8
17
8
17
17
311
8
8
8
39
312
39
38
8
8
8
386
8
63
8
74
17
39
8
8
8
8
8
17
17
92
17
133
8
8
8
8
8
8
8
8
39
0
8
39
78
80
17
8
17
74
17
8
8
8
0
8
8
46
8
78
8
233
8
39
8
39
8
17
8
8
8
8
8
223
78
46
8
46
8
223
74
331
72
8
78
8
8
223
17
8
133
33
17
8
72
8
46
39
8
0
78
0
8
8
17
8
8
264
38
22
8
46
72
8
8
63
8
78
74
8
8
74
0
8
17
46
8
6
74
8
17
8
8
8
78
78
46
386
46
8
17
8
17
8
46
8
78
8
17
74
8
78
33
25
39
8
8
8
39
8
220
92
63
39
8
74
39
17
6
8
220
78
8
8
8
8
8
379
8
220
8
8
39
17
74
386
8
63
8
17
33
63
8
8
101
379
17
8
422
8
17
8
8
133
8
8
39
8
8
0
233
8
8
46
8
