28
38
26
26
1
32
28
33
21
38
4
18
2
7
15
6
15
21
4
31
28
21
25
6
17
27
26
26
25
7
27
0
2
19
21
11
23
15
4
28
34
28
26
21
25
10
33
1
13
24
26
18
28
15
6
7
21
21
17
38
35
33
38
0
38
38
28
25
21
6
26
15
17
11
17
21
1
26
15
21
32
17
32
27
35
1
6
21
32
36
24
23
15
21
4
27
21
38
1
6
29
11
28
1
21
11
11
7
1
16
31
11
37
6
27
22
1
10
4
33
15
1
2
7
27
15
28
21
32
30
28
27
38
22
6
21
17
25
37
6
38
10
18
0
15
6
38
26
17
35
11
4
11
25
35
1
32
11
25
15
34
11
27
23
6
26
36
11
4
32
38
4
7
7
28
11
11
11
19
28
4
21
32
17
38
27
24
6
25
22
4
35
6
26
