38
63
8
8
65
38
8
26
8
51
8
38
26
38
74
8
8
63
38
26
72
8
66
26
148
8
8
8
38
38
8
8
38
8
8
38
8
72
17
148
84
38
8
74
66
9
8
72
8
26
38
38
38
8
8
8
55
38
8
9
63
26
66
66
8
38
8
38
66
59
26
8
6
38
8
38
8
74
38
8
8
80
9
63
8
38
26
8
26
74
8
8
72
8
38
8
72
6
63
63
80
26
63
38
8
63
63
148
38
38
66
80
66
8
148
38
64
8
38
38
8
74
74
26
38
38
26
63
72
72
63
8
8
38
38
38
72
38
38
8
66
8
72
66
72
8
8
38
38
38
63
8
38
240
63
8
9
8
148
8
72
38
4
8
161
72
72
9
38
63
51
66
8
38
38
8
66
26
61
8
6
8
26
38
8
8
63
63
63
8
38
148
38
9
8
63
63
8
38
38
8
63
8
38
38
80
53
38
38
38
38
38
55
8
74
72
38
66
61
38
38
38
26
26
38
38
8
174
8
63
38
66
74
14
38
26
8
72
8
8
38
231
8
66
183
240
38
38
38
72
8
38
8
38
38
38
63
186
9
8
38
38
38
38
63
63
72
283
38
63
38
74
63
38
8
65
38
74
38
8
72
8
38
63
169
26
66
38
8
26
181
74
6
8
8
8
63
66
148
8
8
8
38
290
26
8
8
