8
8
133
74
8
133
8
8
38
80
80
38
17
74
8
38
38
331
385
38
38
8
8
356
8
66
223
248
8
8
116
17
82
82
8
8
8
46
8
164
8
8
379
8
8
379
38
337
8
180
72
25
220
6
38
8
8
8
74
72
8
64
17
8
8
373
8
8
66
9
39
8
33
46
8
17
8
301
337
80
8
39
8
33
38
38
61
101
8
8
385
8
38
337
46
17
8
187
39
17
72
11
8
8
148
17
84
72
8
72
331
74
337
116
40
0
164
8
311
80
194
379
223
38
0
337
8
4
8
38
8
0
8
0
379
38
8
8
385
17
38
33
223
8
180
0
65
38
26
72
61
8
17
8
264
116
9
8
17
38
8
17
337
17
8
8
8
0
8
204
379
125
373
337
9
207
9
63
26
8
26
46
17
38
312
74
248
8
38
66
8
38
17
311
6
8
385
8
8
164
38
297
39
8
8
180
84
74
380
116
8
38
0
38
74
0
8
38
17
17
8
2
74
180
65
264
38
63
38
38
38
8
8
349
133
8
17
8
66
216
9
164
223
72
220
8
63
38
8
311
78
78
8
8
78
207
8
8
8
6
373
8
61
66
38
38
116
0
379
8
17
65
63
8
38
63
46
8
47
38
8
264
39
66
8
180
169
9
337
38
26
386
8
116
385
337
38
38
17
6
8
220
8
8
379
38
8
72
337
248
78
134
8
262
0
8
8
142
9
72
38
8
38
74
40
385
216
8
8
8
8
38
38
38
337
17
72
80
125
63
8
38
8
8
38
180
40
8
8
8
187
74
63
223
8
8
8
356
101
46
72
8
8
8
133
379
82
379
337
216
8
72
312
60
8
245
467
8
9
220
46
8
65
17
216
125
264
63
9
123
116
8
8
17
8
116
17
22
134
26
101
39
8
38
17
46
8
8
8
8
312
74
38
8
55
74
72
72
6
72
74
8
8
8
264
38
180
39
8
8
240
132
180
17
8
39
196
8
267
9
133
207
17
8
8
301
74
8
292
26
46
74
197
8
26
46
180
101
38
223
78
337
74
74
78
0
220
248
38
17
8
8
38
8
8
74
216
8
223
8
101
101
61
74
8
8
74
38
22
74
8
8
78
223
72
74
8
180
17
187
26
8
164
8
116
196
72
38
8
8
123
180
78
8
8
248
8
53
337
80
207
8
39
244
379
337
8
8
33
8
116
337
8
8
264
8
8
78
72
385
8
196
8
204
8
8
38
6
116
8
74
38
379
63
78
8
4
170
17
38
38
8
301
385
38
8
297
17
141
8
220
379
17
38
8
283
33
337
55
161
8
0
61
8
116
337
4
38
8
356
264
63
72
46
38
8
460
116
8
8
312
38
16
8
8
8
8
264
17
8
82
38
187
39
38
17
8
223
264
72
264
337
196
74
63
74
216
8
8
379
367
8
74
187
248
8
38
180
8
180
6
38
38
116
125
0
4
38
8
337
8
133
133
26
78
223
116
39
80
6
133
40
337
8
8
8
8
38
8
312
8
8
123
8
65
72
63
8
84
216
337
8
125
63
8
9
65
8
8
8
38
38
8
8
116
26
38
8
8
0
379
43
17
125
180
297
8
17
26
38
8
8
8
386
181
356
379
386
123
264
8
63
38
8
8
386
74
8
74
8
223
8
0
8
8
78
337
38
8
8
17
8
125
8
196
8
312
72
8
38
101
385
9
264
12
17
8
8
65
39
17
80
161
74
248
386
337
422
223
8
125
8
38
8
248
8
0
8
53
8
66
72
74
80
101
63
8
264
204
38
8
38
26
312
72
75
379
38
420
65
8
17
204
386
123
53
0
26
26
8
39
8
223
356
39
38
220
8
170
33
8
386
134
116
8
337
8
207
8
337
65
248
74
38
8
38
116
8
38
312
248
8
38
386
63
8
38
9
8
8
165
0
337
39
8
38
8
337
65
26
207
38
352
386
8
6
63
197
8
312
244
460
8
63
61
164
8
74
33
74
26
8
6
8
8
8
38
380
8
38
72
39
8
8
8
6
17
301
17
38
8
38
148
385
283
8
6
8
337
380
467
20
74
61
8
40
8
8
55
9
8
72
38
8
38
8
386
248
0
8
74
373
8
64
8
39
8
216
8
61
80
8
66
8
38
38
74
66
8
8
4
8
337
8
6
220
8
116
8
8
38
8
96
8
478
8
63
8
128
9
8
8
169
6
63
38
8
8
38
38
164
373
74
17
8
17
8
38
164
8
38
8
8
9
8
6
38
207
216
17
