348.0
348.0
327.0
415.0
330.0
402.0
326.0
450.0
403.0
229.0
345.0
386.0
328.0
451.0
348.0
326.0
368.0
328.0
368.0
348.0
330.0
415.0
202.0
327.0
471.0
6.0
471.0
347.0
230.0
368.0
451.0
1.0
328.0
348.0
403.0
402.0
5.0
231.0
327.0
348.0
1.0
450.0
0.0
345.0
230.0
330.0
140.0
179.0
205.0
363.0
234.0
96.0
98.0
93.0
246.0
361.0
66.0
262.0
424.0
7.0
3.0
373.0
284.0
435.0
268.0
61.0
66.0
93.0
474.0
4.0
3.0
205.0
451.0
181.0
43.0
426.0
298.0
482.0
207.0
95.0
260.0
287.0
331.0
297.0
43.0
93.0
276.0
188.0
188.0
55.0
381.0
181.0
52.0
105.0
235.0
76.0
78.0
27.0
287.0
295.0
427.0
54.0
237.0
208.0
363.0
430.0
424.0
262.0
362.0
98.0
276.0
92.0
172.0
241.0
472.0
83.0
284.0
243.0
425.0
186.0
470.0
363.0
324.0
455.0
179.0
88.0
9.0
381.0
95.0
52.0
390.0
448.0
4.0
455.0
240.0
180.0
207.0
66.0
28.0
393.0
430.0
396.0
78.0
289.0
101.0
362.0
472.0
105.0
186.0
179.0
178.0
425.0
94.0
92.0
234.0
363.0
244.0
95.0
182.0
268.0
310.0
246.0
4.0
257.0
265.0
4.0
11.0
384.0
88.0
144.0
32.0
434.0
440.0
95.0
472.0
261.0
188.0
188.0
96.0
427.0
26.0
432.0
245.0
468.0
427.0
207.0
260.0
429.0
427.0
208.0
182.0
26.0
88.0
188.0
384.0
478.0
384.0
237.0
295.0
98.0
295.0
88.0
425.0
261.0
395.0
7.0
472.0
427.0
170.0
80.0
182.0
474.0
80.0
274.0
47.0
241.0
324.0
54.0
24.0
381.0
429.0
410.0
9.0
165.0
66.0
482.0
413.0
298.0
208.0
455.0
61.0
184.0
425.0
284.0
41.0
265.0
207.0
246.0
409.0
472.0
92.0
207.0
352.0
478.0
170.0
295.0
291.0
235.0
393.0
2.0
240.0
263.0
479.0
472.0
261.0
481.0
27.0
13.0
16.0
19.0
16.0
15.0
394.0
21.0
16.0
18.0
272.0
383.0
21.0
168.0
166.0
161.0
17.0
419.0
458.0
369.0
110.0
167.0
110.0
111.0
169.0
168.0
169.0
168.0
416.0
173.0
214.0
169.0
247.0
252.0
270.0
162.0
369.0
17.0
247.0
252.0
163.0
173.0
77.0
161.0
173.0
77.0
370.0
486.0
419.0
169.0
473.0
252.0
490.0
162.0
79.0
370.0
173.0
321.0
187.0
414.0
321.0
320.0
320.0
67.0
282.0
259.0
408.0
258.0
487.0
83.0
474.0
495.0
72.0
64.0
89.0
71.0
469.0
301.0
59.0
170.0
59.0
357.0
475.0
242.0
283.0
226.0
70.0
223.0
215.0
61.0
408.0
296.0
141.0
15.0
59.0
54.0
107.0
48.0
71.0
166.0
481.0
141.0
495.0
325.0
161.0
475.0
169.0
51.0
487.0
55.0
295.0
241.0
265.0
469.0
263.0
47.0
73.0
302.0
67.0
51.0
335.0
386.0
141.0
232.0
76.0
134.0
60.0
97.0
204.0
233.0
268.0
272.0
276.0
461.0
265.0
418.0
226.0
299.0
192.0
421.0
374.0
21.0
470.0
40.0
387.0
49.0
234.0
134.0
351.0
387.0
417.0
69.0
55.0
223.0
176.0
421.0
45.0
301.0
49.0
485.0
46.0
351.0
226.0
69.0
21.0
416.0
166.0
226.0
246.0
310.0
227.0
70.0
52.0
167.0
215.0
396.0
68.0
69.0
485.0
275.0
310.0
47.0
64.0
353.0
275.0
300.0
386.0
221.0
182.0
232.0
61.0
46.0
263.0
67.0
398.0
134.0
173.0
273.0
487.0
72.0
59.0
78.0
487.0
192.0
40.0
364.0
52.0
352.0
109.0
63.0
232.0
276.0
14.0
107.0
83.0
372.0
185.0
214.0
108.0
270.0
420.0
225.0
227.0
444.0
362.0
178.0
275.0
390.0
274.0
213.0
75.0
364.0
73.0
45.0
227.0
222.0
170.0
178.0
73.0
176.0
44.0
57.0
482.0
72.0
109.0
176.0
47.0
385.0
281.0
265.0
214.0
61.0
55.0
51.0
31.0
68.0
374.0
108.0
362.0
63.0
258.0
91.0
108.0
364.0
497.0
159.0
113.0
314.0
499.0
156.0
136.0
344.0
150.0
480.0
152.0
160.0
153.0
319.0
137.0
135.0
397.0
136.0
145.0
124.0
489.0
288.0
138.0
151.0
113.0
136.0
154.0
437.0
152.0
404.0
126.0
130.0
497.0
124.0
397.0
406.0
343.0
314.0
139.0
499.0
216.0
218.0
373.0
389.0
154.0
314.0
127.0
113.0
492.0
288.0
130.0
113.0
127.0
217.0
464.0
147.0
136.0
151.0
308.0
254.0
119.0
218.0
397.0
146.0
118.0
492.0
463.0
127.0
217.0
120.0
278.0
216.0
404.0
494.0
130.0
131.0
288.0
313.0
189.0
462.0
498.0
146.0
314.0
288.0
480.0
494.0
159.0
122.0
300.0
492.0
496.0
124.0
38.0
146.0
499.0
160.0
146.0
405.0
255.0
480.0
158.0
405.0
405.0
344.0
254.0
255.0
312.0
132.0
465.0
499.0
216.0
120.0
407.0
463.0
127.0
116.0
151.0
136.0
314.0
130.0
312.0
218.0
151.0
388.0
116.0
301.0
278.0
119.0
462.0
412.0
124.0
150.0
129.0
137.0
112.0
49.0
136.0
497.0
488.0
49.0
496.0
153.0
112.0
122.0
288.0
132.0
153.0
153.0
37.0
157.0
158.0
312.0
156.0
488.0
148.0
122.0
300.0
463.0
278.0
135.0
113.0
118.0
157.0
216.0
344.0
157.0
480.0
119.0
314.0
153.0
344.0
145.0
255.0
462.0
157.0
149.0
217.0
222.0
322.0
45.0
219.0
222.0
39.0
222.0
322.0
39.0
222.0
42.0
45.0
39.0
42.0
114.0
222.0
311.0
389.0
339.0
33.0
33.0
50.0
33.0
412.0
37.0
338.0
313.0
36.0
387.0
389.0
379.0
336.0
36.0
35.0
36.0
379.0
34.0
34.0
379.0
432.0
404.0
33.0
37.0
412.0
337.0
389.0
35.0
307.0
266.0
253.0
408.0
333.0
357.0
86.0
436.0
143.0
195.0
473.0
340.0
206.0
86.0
456.0
431.0
484.0
279.0
200.0
460.0
30.0
442.0
23.0
140.0
106.0
331.0
436.0
279.0
341.0
77.0
250.0
391.0
238.0
341.0
365.0
142.0
439.0
91.0
196.0
431.0
248.0
253.0
29.0
342.0
456.0
198.0
323.0
190.0
18.0
106.0
342.0
355.0
324.0
214.0
272.0
210.0
143.0
316.0
331.0
106.0
392.0
431.0
106.0
467.0
198.0
340.0
22.0
375.0
341.0
444.0
250.0
358.0
448.0
354.0
251.0
341.0
401.0
23.0
331.0
206.0
192.0
443.0
307.0
360.0
360.0
457.0
477.0
8.0
300.0
315.0
375.0
331.0
213.0
457.0
359.0
84.0
179.0
196.0
279.0
477.0
143.0
19.0
228.0
191.0
140.0
12.0
442.0
266.0
87.0
370.0
179.0
283.0
109.0
138.0
190.0
144.0
484.0
242.0
123.0
355.0
323.0
32.0
467.0
90.0
342.0
297.0
484.0
422.0
128.0
142.0
238.0
467.0
8.0
477.0
446.0
140.0
358.0
228.0
439.0
341.0
436.0
22.0
32.0
366.0
14.0
342.0
8.0
289.0
138.0
375.0
266.0
334.0
457.0
199.0
357.0
422.0
133.0
220.0
128.0
484.0
89.0
482.0
391.0
443.0
468.0
32.0
467.0
467.0
210.0
185.0
436.0
210.0
360.0
438.0
359.0
436.0
391.0
477.0
390.0
128.0
7.0
250.0
164.0
484.0
323.0
439.0
164.0
360.0
185.0
210.0
316.0
74.0
350.0
469.0
452.0
248.0
100.0
304.0
349.0
395.0
267.0
256.0
303.0
371.0
75.0
283.0
376.0
103.0
269.0
305.0
376.0
376.0
302.0
100.0
267.0
476.0
293.0
99.0
325.0
493.0
350.0
493.0
421.0
281.0
20.0
264.0
103.0
74.0
315.0
264.0
306.0
367.0
305.0
454.0
377.0
272.0
349.0
102.0
305.0
294.0
269.0
306.0
476.0
350.0
294.0
395.0
367.0
102.0
350.0
453.0
325.0
294.0
294.0
371.0
476.0
377.0
