403.0
400.0
346.0
1.0
368.0
347.0
348.0
399.0
347.0
313.0
202.0
347.0
415.0
415.0
404.0
345.0
450.0
3.0
403.0
231.0
471.0
313.0
346.0
203.0
230.0
404.0
428.0
186.0
51.0
382.0
47.0
244.0
46.0
105.0
245.0
411.0
296.0
244.0
43.0
43.0
180.0
478.0
184.0
390.0
179.0
474.0
398.0
398.0
239.0
435.0
188.0
172.0
41.0
194.0
101.0
245.0
98.0
48.0
448.0
396.0
172.0
295.0
423.0
435.0
55.0
289.0
455.0
48.0
174.0
4.0
235.0
183.0
413.0
95.0
65.0
48.0
424.0
440.0
479.0
290.0
188.0
257.0
14.0
194.0
173.0
171.0
17.0
162.0
161.0
167.0
111.0
187.0
187.0
321.0
491.0
414.0
73.0
58.0
141.0
176.0
469.0
55.0
96.0
263.0
69.0
293.0
50.0
71.0
226.0
64.0
470.0
69.0
62.0
165.0
56.0
68.0
487.0
164.0
487.0
53.0
372.0
3.0
67.0
119.0
121.0
406.0
313.0
494.0
153.0
126.0
407.0
131.0
300.0
216.0
488.0
301.0
156.0
126.0
489.0
118.0
112.0
255.0
317.0
147.0
277.0
145.0
344.0
277.0
301.0
129.0
124.0
158.0
154.0
314.0
406.0
119.0
499.0
130.0
159.0
218.0
130.0
116.0
278.0
129.0
437.0
116.0
149.0
113.0
465.0
318.0
255.0
437.0
218.0
465.0
463.0
406.0
465.0
38.0
218.0
216.0
113.0
437.0
156.0
499.0
124.0
146.0
277.0
159.0
288.0
254.0
131.0
150.0
115.0
222.0
39.0
221.0
221.0
322.0
115.0
42.0
222.0
219.0
37.0
78.0
481.0
34.0
339.0
313.0
379.0
37.0
35.0
481.0
396.0
33.0
35.0
379.0
412.0
310.0
396.0
337.0
36.0
388.0
75.0
432.0
220.0
195.0
365.0
185.0
375.0
438.0
197.0
286.0
32.0
341.0
375.0
13.0
22.0
433.0
251.0
439.0
477.0
86.0
351.0
140.0
8.0
8.0
441.0
200.0
357.0
185.0
342.0
448.0
324.0
238.0
8.0
429.0
248.0
354.0
439.0
441.0
447.0
224.0
441.0
316.0
87.0
199.0
242.0
443.0
292.0
358.0
140.0
193.0
375.0
32.0
7.0
284.0
467.0
333.0
81.0
340.0
248.0
289.0
354.0
86.0
285.0
477.0
81.0
195.0
74.0
269.0
303.0
376.0
306.0
452.0
305.0
304.0
269.0
248.0
315.0
282.0
256.0
376.0
304.0
74.0
476.0
292.0
376.0
