348.0
326.0
345.0
326.0
6.0
6.0
345.0
345.0
230.0
348.0
6.0
181.0
181.0
261.0
261.0
105.0
289.0
260.0
181.0
54.0
243.0
243.0
181.0
260.0
243.0
28.0
243.0
261.0
239.0
243.0
182.0
261.0
261.0
239.0
205.0
261.0
243.0
261.0
179.0
239.0
181.0
261.0
243.0
243.0
186.0
243.0
239.0
95.0
239.0
239.0
205.0
182.0
243.0
239.0
205.0
261.0
243.0
243.0
239.0
261.0
95.0
65.0
205.0
239.0
96.0
54.0
261.0
182.0
243.0
182.0
243.0
260.0
239.0
181.0
96.0
181.0
261.0
181.0
239.0
181.0
289.0
243.0
261.0
243.0
243.0
261.0
239.0
239.0
95.0
205.0
239.0
95.0
182.0
181.0
239.0
243.0
239.0
239.0
105.0
246.0
243.0
182.0
243.0
243.0
239.0
245.0
243.0
95.0
94.0
181.0
245.0
243.0
105.0
261.0
95.0
261.0
181.0
261.0
95.0
243.0
95.0
243.0
239.0
261.0
246.0
95.0
243.0
243.0
243.0
239.0
260.0
181.0
181.0
261.0
181.0
205.0
243.0
261.0
181.0
261.0
181.0
261.0
243.0
243.0
95.0
95.0
243.0
243.0
239.0
261.0
65.0
179.0
239.0
181.0
54.0
243.0
96.0
243.0
105.0
243.0
95.0
181.0
207.0
95.0
105.0
181.0
243.0
65.0
181.0
261.0
205.0
95.0
246.0
205.0
181.0
274.0
243.0
243.0
243.0
239.0
243.0
245.0
65.0
239.0
95.0
182.0
243.0
246.0
182.0
274.0
243.0
260.0
28.0
54.0
65.0
239.0
95.0
243.0
95.0
181.0
95.0
96.0
181.0
239.0
260.0
243.0
261.0
239.0
181.0
243.0
239.0
243.0
94.0
181.0
261.0
95.0
54.0
95.0
243.0
243.0
245.0
95.0
243.0
284.0
181.0
181.0
243.0
96.0
105.0
181.0
239.0
239.0
239.0
181.0
95.0
182.0
181.0
181.0
65.0
95.0
239.0
243.0
181.0
243.0
181.0
95.0
260.0
239.0
239.0
239.0
243.0
243.0
95.0
181.0
205.0
205.0
243.0
261.0
205.0
243.0
182.0
181.0
95.0
205.0
246.0
25.0
186.0
246.0
243.0
261.0
239.0
274.0
181.0
243.0
181.0
243.0
261.0
65.0
193.0
193.0
19.0
14.0
22.0
193.0
383.0
193.0
193.0
193.0
14.0
193.0
168.0
297.0
169.0
79.0
79.0
297.0
166.0
297.0
166.0
297.0
79.0
297.0
79.0
297.0
459.0
168.0
297.0
97.0
31.0
385.0
495.0
364.0
68.0
97.0
235.0
275.0
68.0
68.0
68.0
235.0
273.0
235.0
235.0
68.0
97.0
273.0
82.0
56.0
56.0
97.0
68.0
56.0
63.0
235.0
56.0
56.0
235.0
235.0
275.0
209.0
275.0
97.0
385.0
275.0
273.0
97.0
97.0
273.0
31.0
52.0
235.0
97.0
273.0
53.0
275.0
68.0
68.0
68.0
69.0
97.0
97.0
53.0
68.0
97.0
53.0
300.0
56.0
97.0
235.0
275.0
97.0
104.0
235.0
301.0
97.0
275.0
56.0
52.0
63.0
97.0
68.0
97.0
178.0
56.0
59.0
52.0
53.0
97.0
68.0
68.0
104.0
82.0
68.0
53.0
68.0
273.0
68.0
273.0
68.0
82.0
82.0
97.0
273.0
275.0
235.0
53.0
68.0
68.0
68.0
53.0
271.0
80.0
97.0
56.0
275.0
271.0
97.0
97.0
97.0
97.0
59.0
68.0
68.0
235.0
68.0
275.0
275.0
235.0
97.0
97.0
82.0
235.0
259.0
68.0
68.0
68.0
56.0
276.0
273.0
273.0
63.0
68.0
97.0
53.0
68.0
68.0
68.0
82.0
97.0
68.0
97.0
63.0
68.0
68.0
68.0
235.0
97.0
68.0
62.0
53.0
68.0
62.0
68.0
275.0
235.0
97.0
53.0
177.0
68.0
275.0
273.0
235.0
235.0
275.0
56.0
275.0
275.0
68.0
68.0
68.0
68.0
177.0
68.0
235.0
364.0
97.0
57.0
178.0
235.0
97.0
97.0
82.0
273.0
273.0
68.0
97.0
31.0
68.0
97.0
82.0
97.0
97.0
82.0
273.0
461.0
68.0
97.0
104.0
235.0
235.0
68.0
97.0
97.0
273.0
68.0
56.0
108.0
53.0
273.0
68.0
273.0
63.0
53.0
67.0
273.0
53.0
53.0
275.0
68.0
273.0
56.0
177.0
275.0
97.0
68.0
68.0
68.0
97.0
97.0
68.0
170.0
271.0
68.0
273.0
63.0
385.0
68.0
68.0
53.0
97.0
273.0
52.0
97.0
364.0
97.0
68.0
97.0
97.0
235.0
56.0
104.0
68.0
273.0
56.0
64.0
273.0
97.0
268.0
68.0
235.0
235.0
235.0
53.0
273.0
31.0
53.0
56.0
82.0
53.0
63.0
276.0
209.0
475.0
68.0
68.0
235.0
235.0
235.0
68.0
31.0
82.0
104.0
82.0
68.0
177.0
235.0
235.0
275.0
97.0
275.0
56.0
68.0
177.0
275.0
80.0
63.0
53.0
97.0
235.0
56.0
235.0
273.0
235.0
97.0
68.0
273.0
68.0
82.0
53.0
82.0
83.0
97.0
235.0
53.0
68.0
68.0
235.0
68.0
178.0
68.0
271.0
82.0
273.0
47.0
97.0
97.0
56.0
68.0
275.0
68.0
273.0
68.0
53.0
273.0
68.0
80.0
47.0
68.0
273.0
53.0
275.0
275.0
68.0
97.0
97.0
68.0
104.0
271.0
364.0
68.0
97.0
97.0
273.0
178.0
275.0
275.0
271.0
31.0
236.0
97.0
273.0
97.0
53.0
68.0
63.0
235.0
63.0
235.0
97.0
273.0
56.0
97.0
275.0
68.0
53.0
53.0
97.0
273.0
235.0
63.0
275.0
97.0
68.0
235.0
97.0
97.0
385.0
97.0
53.0
97.0
97.0
53.0
273.0
68.0
97.0
97.0
235.0
461.0
68.0
53.0
108.0
273.0
209.0
68.0
68.0
68.0
68.0
275.0
97.0
271.0
68.0
300.0
275.0
53.0
56.0
275.0
364.0
51.0
68.0
177.0
68.0
68.0
97.0
59.0
275.0
82.0
53.0
97.0
235.0
275.0
97.0
97.0
97.0
273.0
275.0
235.0
97.0
275.0
56.0
56.0
97.0
104.0
97.0
56.0
275.0
68.0
97.0
68.0
51.0
56.0
259.0
53.0
68.0
68.0
97.0
68.0
97.0
97.0
97.0
235.0
63.0
273.0
235.0
275.0
273.0
82.0
235.0
275.0
82.0
68.0
273.0
275.0
68.0
68.0
273.0
68.0
273.0
385.0
97.0
56.0
170.0
53.0
235.0
68.0
273.0
97.0
68.0
177.0
68.0
235.0
53.0
53.0
104.0
97.0
68.0
275.0
53.0
209.0
53.0
68.0
273.0
97.0
68.0
56.0
177.0
273.0
68.0
82.0
97.0
82.0
68.0
82.0
235.0
235.0
53.0
31.0
56.0
273.0
364.0
275.0
462.0
147.0
462.0
145.0
462.0
462.0
462.0
152.0
222.0
40.0
221.0
42.0
41.0
45.0
222.0
35.0
34.0
309.0
379.0
34.0
35.0
388.0
337.0
37.0
33.0
35.0
35.0
35.0
337.0
34.0
337.0
35.0
35.0
33.0
34.0
35.0
309.0
34.0
396.0
338.0
34.0
337.0
33.0
34.0
337.0
35.0
37.0
37.0
337.0
337.0
337.0
34.0
337.0
337.0
35.0
311.0
337.0
337.0
34.0
34.0
34.0
91.0
88.0
296.0
200.0
7.0
88.0
200.0
237.0
253.0
334.0
88.0
91.0
7.0
89.0
7.0
200.0
366.0
88.0
7.0
366.0
7.0
125.0
366.0
392.0
185.0
7.0
7.0
7.0
7.0
88.0
7.0
237.0
200.0
200.0
355.0
185.0
125.0
185.0
91.0
88.0
250.0
238.0
88.0
238.0
190.0
366.0
237.0
91.0
91.0
200.0
91.0
7.0
7.0
7.0
250.0
250.0
106.0
91.0
250.0
88.0
125.0
88.0
238.0
143.0
7.0
29.0
88.0
91.0
200.0
143.0
91.0
253.0
355.0
91.0
7.0
200.0
200.0
81.0
200.0
200.0
250.0
88.0
392.0
7.0
200.0
250.0
200.0
334.0
238.0
91.0
200.0
91.0
296.0
253.0
7.0
269.0
282.0
367.0
101.0
454.0
454.0
454.0
493.0
493.0
282.0
493.0
282.0
282.0
282.0
