28
8
19
32
3
35
34
30
22
38
3
11
2
24
23
12
4
2
16
31
39
2
33
6
13
8
19
28
1
24
16
0
2
20
20
29
14
12
18
22
3
34
26
30
34
7
12
1
18
24
20
18
8
16
9
24
11
19
37
31
30
15
39
10
8
38
22
26
13
31
21
15
13
29
12
30
13
26
33
18
2
13
25
12
12
1
9
20
2
14
6
31
24
22
15
15
20
7
5
6
24
15
28
37
37
3
3
0
10
10
27
39
29
9
15
22
35
6
29
10
15
18
5
24
31
23
5
35
35
36
26
27
30
30
3
18
14
18
17
10
11
33
18
0
16
10
8
26
12
34
18
15
16
25
37
4
3
25
4
12
14
16
31
10
10
26
13
37
4
34
12
23
24
15
8
11
14
11
21
28
18
19
26
12
9
10
6
0
20
3
20
30
6
26
