38
38
80
8
26
8
8
8
38
8
26
8
8
55
180
8
132
38
244
38
8
38
8
80
8
8
8
26
38
8
8
8
63
8
8
148
43
38
4
8
51
8
63
8
135
61
8
8
148
8
63
8
6
38
38
2
8
8
8
8
148
8
74
8
58
63
43
38
80
8
38
66
8
8
74
65
66
8
8
38
207
8
8
38
74
38
8
38
8
38
180
74
72
8
72
8
8
236
38
47
135
38
8
174
8
38
66
74
8
38
8
386
8
38
38
8
8
38
180
66
8
17
38
63
8
8
8
8
8
38
38
72
244
386
8
8
8
38
4
8
38
8
8
8
61
8
72
290
38
8
8
31
8
240
74
8
66
47
17
244
8
55
47
72
74
8
8
8
38
8
74
8
180
38
8
38
8
2
8
8
38
53
38
8
8
264
8
8
11
8
38
8
55
38
8
8
72
8
8
74
43
61
26
8
8
8
8
8
66
8
244
26
8
8
38
63
63
8
38
72
74
38
259
9
65
148
123
8
8
38
38
38
63
9
264
8
55
8
4
63
8
72
148
8
240
8
8
74
8
8
74
63
52
8
8
11
63
8
8
8
277
38
8
8
6
38
60
8
8
74
8
8
74
183
72
63
6
72
8
8
63
74
8
181
43
8
43
72
43
240
38
2
8
8
8
38
38
38
8
82
8
8
74
26
17
8
8
8
38
8
236
8
8
8
72
8
148
8
8
207
8
63
172
72
74
8
38
38
8
8
8
204
63
8
8
72
38
8
38
180
8
8
43
8
38
8
38
8
38
17
38
8
385
8
63
8
8
116
72
38
38
38
148
8
38
8
38
72
267
8
6
8
38
8
8
26
4
8
38
26
8
148
38
148
8
8
38
8
26
26
63
8
74
8
63
38
47
8
8
8
65
8
72
8
8
9
8
38
43
38
8
72
240
43
63
8
38
38
8
8
8
63
72
8
82
84
8
385
63
52
8
8
38
116
72
38
8
240
8
63
38
9
2
38
38
8
8
63
38
38
8
183
8
8
8
8
8
38
63
38
8
245
8
8
8
38
8
8
164
8
38
8
38
65
80
8
8
8
8
80
8
135
8
8
138
8
74
47
8
72
74
245
8
38
63
8
63
38
27
8
236
0
65
8
8
8
26
74
8
64
8
60
26
148
63
72
8
43
8
26
148
38
63
72
8
132
38
8
72
8
80
8
8
38
38
63
8
38
65
8
74
8
63
8
72
64
74
38
8
38
8
9
8
8
8
8
8
8
82
82
38
8
78
47
8
8
38
63
9
47
8
47
59
8
38
8
8
8
207
72
2
38
8
8
8
38
8
385
8
38
8
8
38
385
8
8
8
38
8
26
8
80
38
63
8
8
183
80
8
38
26
8
8
8
80
8
8
38
38
63
8
38
38
17
259
8
61
186
8
8
8
58
8
8
63
38
385
38
38
8
38
8
8
74
74
8
38
8
133
47
207
38
8
74
38
26
72
63
262
72
38
8
8
8
8
26
8
38
8
8
8
9
38
43
8
8
8
8
8
63
8
38
26
8
245
38
8
8
38
8
8
74
65
8
8
51
9
63
38
63
8
58
72
290
8
8
26
183
38
66
63
38
58
74
8
26
8
82
4
72
8
74
8
63
47
8
74
8
38
63
38
8
72
2
9
63
8
8
74
8
116
72
8
38
8
8
244
51
63
8
63
80
38
8
8
80
66
8
8
38
8
8
8
264
8
8
8
8
0
8
8
38
72
8
135
38
8
8
38
8
8
240
8
181
8
38
11
38
72
8
38
148
38
8
38
6
8
38
38
38
8
8
8
17
8
38
240
8
8
8
8
8
26
8
38
43
8
65
38
38
133
8
8
8
55
74
38
63
74
8
80
8
8
9
8
8
38
26
38
38
38
38
8
8
8
8
72
63
80
26
38
26
38
72
8
8
135
74
207
148
245
63
8
61
38
63
38
8
38
8
38
8
8
38
11
38
38
55
8
8
8
164
8
17
38
244
38
63
38
207
63
72
8
38
8
38
8
82
223
51
8
38
38
8
8
38
38
80
17
8
4
8
80
38
8
8
0
8
8
74
8
8
38
267
8
8
38
63
74
38
72
61
8
8
8
38
161
9
8
180
244
43
8
148
9
245
8
38
8
72
72
8
180
264
8
8
43
8
8
9
8
47
8
72
11
245
8
8
8
26
74
38
38
66
55
38
8
80
38
38
63
8
8
64
244
8
38
43
26
8
38
38
8
38
9
8
26
38
72
8
