38
0
8
8
65
116
8
63
220
9
220
38
63
125
74
8
39
63
216
47
26
8
352
46
379
8
8
8
277
38
8
8
148
8
8
116
8
46
17
312
84
277
8
74
80
125
8
264
8
26
216
337
38
196
8
8
11
38
8
9
385
9
43
78
8
337
8
38
43
72
180
8
6
38
8
38
8
74
38
8
8
161
9
6
8
38
26
8
78
264
8
8
72
8
337
8
74
6
63
260
74
46
6
38
187
66
223
311
38
38
63
161
61
220
379
301
74
8
312
38
8
74
264
180
337
125
180
60
74
264
0
8
8
312
312
38
17
373
38
8
39
8
207
66
204
8
187
38
38
337
63
8
148
72
66
187
9
8
379
187
46
38
72
248
161
315
102
8
33
6
9
78
8
38
216
8
78
78
40
356
386
8
63
33
8
8
223
0
6
8
125
379
116
9
8
63
164
292
116
38
8
223
8
38
38
169
53
337
78
116
38
134
82
8
74
223
38
78
84
38
38
38
26
46
216
38
39
25
8
6
38
78
74
133
38
4
144
66
8
8
38
0
467
180
61
101
38
216
337
264
8
337
8
216
337
379
186
186
61
8
38
38
38
379
164
0
72
283
38
6
38
74
6
38
220
65
38
74
312
8
46
39
38
6
43
25
180
380
220
26
9
74
386
196
8
8
0
78
313
8
8
220
38
53
331
8
8
