38
38
80
8
26
8
8
90
38
8
26
373
8
55
180
101
125
33
244
116
204
38
8
80
8
8
8
8
312
8
187
17
6
8
8
380
78
38
0
8
72
17
0
8
312
40
8
39
380
373
6
8
0
301
38
0
39
220
16
8
380
17
74
17
26
6
78
38
74
8
301
8
8
248
74
65
8
17
8
148
207
8
17
38
380
379
82
38
22
373
180
74
207
8
264
8
8
236
216
312
38
38
8
25
8
38
80
207
8
38
220
386
8
38
38
17
220
38
8
247
220
17
38
223
8
8
101
8
8
38
33
8
61
385
8
8
8
311
0
8
38
8
8
316
61
8
74
53
38
8
248
61
8
101
74
8
66
74
17
61
17
63
46
72
74
356
385
8
38
8
74
17
180
38
125
337
196
2
285
8
38
53
38
8
8
264
8
8
11
39
373
267
55
38
8
187
72
8
17
74
78
61
26
8
8
8
17
8
66
8
61
26
8
8
312
63
164
72
337
207
380
38
74
180
331
380
123
8
8
38
38
38
223
116
264
187
65
8
0
63
8
72
379
8
72
8
8
74
8
8
74
6
8
17
380
11
260
8
8
8
301
38
444
8
0
38
180
220
373
283
8
8
74
61
61
223
0
102
8
116
63
283
8
181
78
8
78
8
78
373
38
43
220
220
22
38
38
38
8
82
8
123
380
26
17
17
8
8
38
8
61
17
8
17
72
331
379
17
84
207
331
223
63
74
74
248
379
38
8
220
8
204
260
8
8
72
38
8
312
180
8
8
78
8
38
420
373
331
38
17
38
8
385
8
63
248
297
134
267
38
38
38
380
197
337
8
116
8
267
248
0
297
33
161
8
26
0
8
38
107
8
379
38
379
8
40
38
0
8
17
63
8
74
8
63
38
46
8
8
8
65
8
72
8
8
8
8
373
78
33
8
204
373
78
6
17
337
38
8
248
17
66
207
8
74
22
8
385
223
52
248
8
116
116
8
38
17
101
17
63
337
8
0
138
38
8
101
6
38
38
8
61
133
8
39
8
8
379
0
337
8
63
8
8
133
148
8
8
75
8
38
187
373
65
134
17
8
125
0
80
422
135
8
8
116
17
74
49
8
180
74
17
8
38
223
248
385
38
27
8
236
0
422
8
8
264
26
74
8
123
8
60
26
380
180
90
39
43
8
101
379
38
223
8
8
313
373
8
72
8
161
248
8
38
337
63
187
337
65
8
74
8
0
8
88
17
380
33
8
38
8
8
17
17
8
8
8
356
74
264
38
8
311
47
8
356
312
70
373
46
8
46
373
17
379
220
8
220
207
164
0
132
8
133
8
38
196
6
8
337
8
101
337
385
17
8
8
38
386
8
8
80
116
63
8
8
63
80
8
38
26
123
8
8
80
8
8
38
148
223
8
373
116
17
74
8
61
72
8
17
8
72
8
8
63
312
385
38
312
8
38
8
17
74
74
101
38
17
133
312
207
38
8
74
116
25
72
6
72
264
312
8
8
8
17
26
220
38
8
8
8
8
337
311
8
8
8
8
331
385
17
116
26
8
80
38
8
8
38
8
8
74
65
8
133
65
9
386
33
6
8
26
164
53
8
8
8
80
38
66
223
38
204
74
8
26
8
74
72
72
84
74
8
63
72
8
380
8
38
6
38
8
207
2
8
63
196
8
74
8
134
72
8
216
8
8
9
9
223
116
63
80
38
40
17
80
207
8
8
38
220
8
8
264
8
220
8
8
0
248
8
38
17
39
38
38
8
8
38
17
8
101
220
181
8
116
11
38
72
133
38
379
38
248
38
0
8
38
38
379
8
8
8
17
8
38
101
8
8
17
78
8
26
8
38
311
8
65
38
148
133
8
8
8
72
74
38
26
74
8
80
220
8
9
8
8
379
8
38
379
38
38
17
8
297
39
8
223
134
25
38
9
38
72
8
8
125
74
207
379
80
223
17
61
337
386
337
8
38
8
38
248
8
311
316
38
116
72
8
8
248
63
8
17
38
244
38
223
38
207
63
264
72
38
8
38
17
134
223
74
8
379
38
8
8
38
116
420
17
8
0
8
80
312
8
8
0
75
264
74
8
8
38
267
116
8
116
74
74
337
72
40
8
133
8
38
161
8
17
180
244
78
101
380
8
245
8
38
8
207
72
8
180
264
8
8
78
8
248
9
125
116
8
72
11
80
8
220
17
373
74
38
38
72
11
312
8
80
116
216
204
8
460
64
244
187
337
311
63
8
38
216
39
38
206
17
26
337
207
8
