229.0
345.0
229.0
229.0
329.0
6.0
451.0
345.0
229.0
229.0
229.0
229.0
229.0
229.0
6.0
326.0
229.0
229.0
6.0
345.0
229.0
230.0
229.0
345.0
231.0
6.0
345.0
229.0
229.0
6.0
451.0
450.0
229.0
345.0
229.0
229.0
229.0
229.0
229.0
6.0
231.0
6.0
231.0
6.0
345.0
229.0
11.0
243.0
239.0
262.0
95.0
96.0
95.0
92.0
274.0
361.0
27.0
262.0
423.0
11.0
186.0
298.0
410.0
435.0
105.0
298.0
410.0
92.0
182.0
94.0
186.0
105.0
298.0
455.0
262.0
27.0
274.0
261.0
66.0
92.0
261.0
430.0
286.0
11.0
43.0
411.0
429.0
105.0
410.0
455.0
261.0
274.0
262.0
105.0
186.0
66.0
43.0
181.0
410.0
295.0
426.0
186.0
262.0
261.0
363.0
472.0
423.0
262.0
410.0
92.0
410.0
95.0
26.0
10.0
410.0
410.0
286.0
243.0
274.0
186.0
274.0
105.0
324.0
262.0
179.0
410.0
274.0
11.0
95.0
262.0
105.0
393.0
105.0
455.0
240.0
472.0
207.0
186.0
240.0
11.0
472.0
262.0
43.0
10.0
239.0
361.0
27.0
26.0
186.0
179.0
105.0
25.0
262.0
96.0
274.0
245.0
455.0
95.0
182.0
295.0
479.0
274.0
274.0
257.0
262.0
186.0
411.0
324.0
472.0
239.0
274.0
257.0
12.0
95.0
410.0
298.0
472.0
472.0
96.0
426.0
26.0
410.0
105.0
11.0
410.0
186.0
261.0
105.0
426.0
261.0
410.0
26.0
261.0
410.0
274.0
479.0
105.0
274.0
10.0
95.0
361.0
11.0
274.0
290.0
455.0
262.0
410.0
426.0
274.0
105.0
182.0
182.0
435.0
413.0
274.0
274.0
472.0
274.0
274.0
472.0
105.0
410.0
274.0
105.0
239.0
261.0
382.0
239.0
186.0
244.0
274.0
410.0
25.0
410.0
10.0
274.0
410.0
274.0
410.0
410.0
96.0
186.0
298.0
274.0
26.0
361.0
410.0
4.0
455.0
105.0
455.0
96.0
479.0
410.0
410.0
262.0
27.0
19.0
18.0
16.0
193.0
193.0
22.0
193.0
22.0
18.0
449.0
383.0
21.0
79.0
163.0
252.0
418.0
459.0
79.0
459.0
111.0
163.0
111.0
473.0
370.0
419.0
370.0
419.0
111.0
111.0
418.0
252.0
252.0
163.0
171.0
111.0
416.0
79.0
419.0
163.0
111.0
163.0
168.0
370.0
416.0
111.0
167.0
416.0
17.0
252.0
473.0
370.0
166.0
111.0
168.0
79.0
416.0
414.0
414.0
414.0
414.0
321.0
414.0
67.0
275.0
58.0
61.0
67.0
175.0
235.0
276.0
67.0
71.0
175.0
80.0
71.0
47.0
69.0
61.0
175.0
232.0
175.0
335.0
61.0
235.0
69.0
170.0
69.0
58.0
175.0
51.0
61.0
67.0
61.0
209.0
51.0
175.0
47.0
235.0
80.0
175.0
175.0
69.0
109.0
275.0
234.0
175.0
61.0
225.0
55.0
175.0
241.0
58.0
47.0
51.0
69.0
69.0
80.0
67.0
61.0
236.0
275.0
225.0
51.0
170.0
69.0
177.0
97.0
275.0
80.0
275.0
275.0
275.0
53.0
58.0
175.0
225.0
178.0
175.0
67.0
80.0
276.0
276.0
276.0
241.0
301.0
61.0
61.0
175.0
47.0
64.0
69.0
55.0
67.0
67.0
241.0
276.0
57.0
47.0
51.0
57.0
80.0
223.0
69.0
276.0
58.0
241.0
223.0
268.0
51.0
69.0
67.0
52.0
275.0
58.0
109.0
80.0
67.0
225.0
335.0
275.0
47.0
64.0
209.0
335.0
175.0
386.0
275.0
67.0
55.0
61.0
47.0
80.0
67.0
175.0
175.0
109.0
80.0
223.0
61.0
175.0
69.0
175.0
177.0
276.0
57.0
52.0
178.0
109.0
175.0
61.0
170.0
177.0
275.0
62.0
69.0
61.0
67.0
108.0
109.0
385.0
175.0
227.0
209.0
109.0
109.0
67.0
235.0
69.0
58.0
80.0
53.0
67.0
170.0
223.0
57.0
175.0
175.0
51.0
57.0
109.0
57.0
175.0
175.0
335.0
209.0
47.0
275.0
109.0
61.0
175.0
175.0
53.0
51.0
31.0
67.0
175.0
108.0
175.0
80.0
67.0
175.0
108.0
109.0
344.0
483.0
113.0
150.0
150.0
158.0
343.0
317.0
489.0
127.0
139.0
437.0
489.0
317.0
343.0
497.0
489.0
129.0
278.0
254.0
492.0
343.0
122.0
489.0
148.0
148.0
154.0
489.0
437.0
344.0
148.0
152.0
158.0
343.0
158.0
254.0
150.0
488.0
139.0
344.0
437.0
489.0
489.0
129.0
154.0
437.0
317.0
148.0
122.0
483.0
344.0
127.0
148.0
216.0
437.0
154.0
124.0
139.0
132.0
489.0
119.0
254.0
437.0
160.0
118.0
158.0
343.0
122.0
216.0
152.0
489.0
129.0
464.0
343.0
139.0
124.0
118.0
489.0
489.0
254.0
483.0
317.0
154.0
317.0
437.0
218.0
155.0
112.0
154.0
437.0
437.0
465.0
489.0
489.0
147.0
122.0
343.0
158.0
154.0
126.0
158.0
344.0
343.0
344.0
496.0
122.0
343.0
152.0
489.0
497.0
148.0
148.0
344.0
437.0
462.0
343.0
343.0
139.0
489.0
344.0
132.0
216.0
150.0
129.0
319.0
160.0
155.0
489.0
154.0
437.0
148.0
147.0
489.0
489.0
122.0
464.0
148.0
158.0
488.0
148.0
254.0
113.0
343.0
122.0
343.0
148.0
254.0
154.0
126.0
155.0
158.0
464.0
148.0
317.0
148.0
317.0
148.0
254.0
254.0
148.0
489.0
497.0
154.0
218.0
344.0
437.0
154.0
122.0
317.0
154.0
344.0
254.0
465.0
158.0
437.0
139.0
216.0
40.0
44.0
44.0
40.0
115.0
39.0
40.0
42.0
39.0
115.0
39.0
41.0
41.0
42.0
40.0
115.0
311.0
35.0
339.0
34.0
339.0
387.0
378.0
378.0
338.0
378.0
308.0
338.0
387.0
35.0
378.0
338.0
378.0
378.0
338.0
378.0
378.0
378.0
35.0
481.0
311.0
35.0
378.0
35.0
34.0
311.0
378.0
392.0
81.0
253.0
408.0
440.0
237.0
392.0
331.0
340.0
434.0
323.0
446.0
237.0
392.0
466.0
392.0
422.0
331.0
7.0
144.0
144.0
392.0
253.0
466.0
392.0
90.0
144.0
482.0
117.0
323.0
250.0
250.0
242.0
106.0
365.0
466.0
392.0
91.0
477.0
446.0
466.0
253.0
29.0
237.0
84.0
144.0
125.0
190.0
144.0
443.0
190.0
477.0
434.0
237.0
253.0
392.0
242.0
316.0
366.0
392.0
392.0
392.0
431.0
266.0
89.0
340.0
466.0
446.0
106.0
340.0
250.0
358.0
448.0
477.0
86.0
125.0
466.0
253.0
237.0
237.0
253.0
392.0
392.0
466.0
242.0
237.0
133.0
392.0
90.0
144.0
392.0
366.0
446.0
84.0
358.0
84.0
422.0
477.0
460.0
477.0
242.0
253.0
422.0
460.0
460.0
266.0
392.0
266.0
90.0
237.0
434.0
89.0
250.0
401.0
197.0
237.0
422.0
242.0
144.0
90.0
125.0
30.0
422.0
355.0
144.0
296.0
422.0
106.0
253.0
142.0
237.0
266.0
392.0
477.0
392.0
366.0
358.0
266.0
392.0
466.0
237.0
143.0
30.0
237.0
144.0
237.0
392.0
443.0
138.0
392.0
81.0
89.0
84.0
443.0
356.0
266.0
133.0
392.0
253.0
422.0
468.0
482.0
323.0
392.0
460.0
460.0
228.0
266.0
392.0
434.0
356.0
392.0
242.0
250.0
466.0
333.0
250.0
477.0
431.0
125.0
237.0
250.0
323.0
250.0
323.0
392.0
323.0
296.0
434.0
392.0
144.0
325.0
299.0
282.0
452.0
248.0
303.0
304.0
264.0
100.0
282.0
325.0
305.0
349.0
292.0
421.0
325.0
100.0
282.0
305.0
74.0
325.0
305.0
282.0
264.0
74.0
248.0
282.0
325.0
325.0
349.0
74.0
74.0
283.0
283.0
303.0
100.0
325.0
282.0
304.0
303.0
304.0
303.0
74.0
292.0
454.0
282.0
282.0
303.0
264.0
248.0
303.0
74.0
349.0
349.0
100.0
476.0
264.0
264.0
453.0
74.0
452.0
349.0
282.0
256.0
74.0
