471.0
345.0
347.0
6.0
347.0
345.0
471.0
471.0
348.0
345.0
231.0
347.0
347.0
347.0
347.0
347.0
6.0
346.0
326.0
347.0
347.0
249.0
289.0
274.0
246.0
239.0
243.0
244.0
27.0
205.0
249.0
181.0
239.0
208.0
239.0
65.0
239.0
257.0
174.0
95.0
174.0
205.0
287.0
244.0
274.0
261.0
239.0
239.0
27.0
239.0
244.0
188.0
181.0
243.0
287.0
239.0
289.0
239.0
207.0
105.0
2.0
239.0
239.0
244.0
54.0
239.0
261.0
174.0
239.0
174.0
260.0
243.0
239.0
239.0
260.0
243.0
10.0
10.0
239.0
181.0
239.0
239.0
239.0
243.0
289.0
246.0
172.0
260.0
186.0
243.0
243.0
94.0
243.0
239.0
25.0
274.0
274.0
96.0
181.0
25.0
96.0
239.0
246.0
274.0
181.0
274.0
239.0
183.0
239.0
245.0
174.0
65.0
239.0
245.0
12.0
10.0
65.0
25.0
10.0
289.0
184.0
261.0
54.0
239.0
239.0
65.0
181.0
95.0
261.0
105.0
10.0
289.0
239.0
96.0
239.0
25.0
274.0
172.0
10.0
239.0
95.0
246.0
188.0
92.0
260.0
239.0
181.0
25.0
96.0
25.0
239.0
25.0
179.0
286.0
174.0
246.0
245.0
180.0
96.0
105.0
261.0
183.0
179.0
4.0
239.0
2.0
261.0
181.0
286.0
10.0
244.0
205.0
246.0
95.0
239.0
25.0
249.0
239.0
181.0
94.0
274.0
286.0
96.0
239.0
239.0
289.0
181.0
65.0
184.0
10.0
274.0
25.0
95.0
245.0
274.0
289.0
181.0
205.0
105.0
289.0
243.0
207.0
182.0
180.0
239.0
239.0
246.0
245.0
261.0
95.0
245.0
261.0
239.0
10.0
239.0
239.0
191.0
191.0
19.0
193.0
191.0
193.0
19.0
23.0
168.0
369.0
79.0
252.0
168.0
79.0
79.0
369.0
297.0
166.0
168.0
247.0
168.0
164.0
79.0
473.0
79.0
166.0
369.0
169.0
164.0
369.0
161.0
459.0
369.0
168.0
17.0
164.0
110.0
17.0
297.0
369.0
247.0
79.0
109.0
71.0
275.0
273.0
353.0
177.0
97.0
83.0
68.0
177.0
68.0
97.0
385.0
300.0
236.0
234.0
68.0
385.0
104.0
53.0
385.0
59.0
300.0
97.0
97.0
68.0
275.0
80.0
300.0
235.0
68.0
82.0
97.0
300.0
235.0
68.0
53.0
236.0
97.0
108.0
97.0
104.0
276.0
64.0
82.0
68.0
97.0
68.0
241.0
301.0
63.0
56.0
141.0
384.0
97.0
176.0
97.0
68.0
55.0
68.0
68.0
53.0
178.0
97.0
68.0
53.0
97.0
353.0
68.0
273.0
68.0
470.0
275.0
97.0
68.0
259.0
276.0
300.0
97.0
97.0
97.0
353.0
68.0
57.0
364.0
56.0
275.0
68.0
97.0
235.0
82.0
300.0
470.0
68.0
31.0
384.0
141.0
68.0
57.0
68.0
97.0
68.0
68.0
68.0
68.0
68.0
68.0
67.0
31.0
335.0
68.0
97.0
97.0
227.0
69.0
68.0
275.0
53.0
241.0
301.0
97.0
273.0
268.0
68.0
263.0
68.0
209.0
335.0
275.0
107.0
470.0
276.0
275.0
177.0
97.0
63.0
68.0
68.0
68.0
68.0
235.0
176.0
68.0
276.0
170.0
235.0
53.0
71.0
97.0
82.0
97.0
68.0
235.0
68.0
68.0
275.0
63.0
53.0
67.0
97.0
241.0
68.0
235.0
271.0
56.0
68.0
97.0
68.0
31.0
236.0
223.0
236.0
68.0
68.0
97.0
470.0
170.0
259.0
68.0
68.0
300.0
97.0
97.0
68.0
67.0
97.0
82.0
82.0
63.0
275.0
51.0
70.0
97.0
68.0
68.0
107.0
236.0
300.0
276.0
68.0
209.0
268.0
177.0
141.0
68.0
271.0
97.0
271.0
271.0
97.0
259.0
275.0
68.0
58.0
57.0
97.0
235.0
275.0
68.0
97.0
31.0
235.0
97.0
209.0
273.0
276.0
268.0
53.0
68.0
170.0
97.0
62.0
235.0
68.0
63.0
97.0
53.0
470.0
68.0
62.0
71.0
259.0
235.0
53.0
68.0
275.0
97.0
68.0
385.0
82.0
300.0
68.0
141.0
51.0
384.0
300.0
271.0
235.0
470.0
235.0
141.0
97.0
271.0
53.0
68.0
97.0
31.0
170.0
107.0
68.0
236.0
97.0
82.0
275.0
53.0
271.0
276.0
97.0
275.0
68.0
235.0
68.0
97.0
97.0
235.0
275.0
97.0
235.0
141.0
68.0
68.0
300.0
235.0
268.0
227.0
59.0
241.0
68.0
384.0
97.0
301.0
82.0
259.0
68.0
68.0
68.0
59.0
68.0
301.0
68.0
68.0
276.0
272.0
67.0
97.0
97.0
235.0
68.0
63.0
68.0
275.0
53.0
68.0
97.0
68.0
97.0
177.0
55.0
68.0
68.0
31.0
73.0
108.0
235.0
213.0
151.0
317.0
344.0
139.0
462.0
343.0
118.0
497.0
120.0
149.0
120.0
158.0
152.0
437.0
319.0
121.0
158.0
147.0
462.0
151.0
158.0
152.0
147.0
149.0
462.0
343.0
147.0
437.0
38.0
128.0
319.0
319.0
154.0
149.0
147.0
151.0
497.0
254.0
344.0
147.0
437.0
157.0
160.0
149.0
254.0
489.0
462.0
344.0
437.0
132.0
128.0
135.0
462.0
288.0
38.0
147.0
319.0
151.0
128.0
149.0
130.0
462.0
155.0
437.0
437.0
137.0
319.0
132.0
135.0
152.0
344.0
137.0
278.0
132.0
147.0
132.0
343.0
314.0
498.0
129.0
317.0
151.0
462.0
255.0
465.0
152.0
437.0
278.0
132.0
319.0
254.0
462.0
121.0
254.0
137.0
132.0
152.0
131.0
462.0
492.0
344.0
254.0
317.0
437.0
462.0
159.0
132.0
462.0
462.0
118.0
344.0
462.0
158.0
152.0
462.0
344.0
130.0
462.0
317.0
343.0
254.0
132.0
254.0
152.0
499.0
132.0
462.0
254.0
344.0
151.0
319.0
317.0
254.0
318.0
344.0
151.0
147.0
156.0
462.0
462.0
344.0
462.0
120.0
254.0
254.0
147.0
319.0
137.0
128.0
132.0
120.0
278.0
152.0
319.0
319.0
130.0
152.0
128.0
462.0
462.0
158.0
121.0
151.0
462.0
437.0
464.0
135.0
254.0
44.0
45.0
220.0
220.0
220.0
220.0
45.0
41.0
222.0
40.0
41.0
221.0
45.0
45.0
220.0
45.0
312.0
336.0
35.0
34.0
337.0
310.0
312.0
35.0
378.0
378.0
34.0
35.0
379.0
34.0
337.0
34.0
339.0
34.0
388.0
313.0
34.0
313.0
378.0
34.0
34.0
37.0
309.0
340.0
84.0
106.0
250.0
250.0
238.0
210.0
359.0
200.0
125.0
334.0
210.0
190.0
210.0
210.0
296.0
210.0
125.0
251.0
143.0
355.0
125.0
354.0
29.0
356.0
340.0
366.0
185.0
8.0
366.0
296.0
198.0
210.0
334.0
381.0
199.0
200.0
250.0
238.0
190.0
210.0
237.0
354.0
197.0
224.0
238.0
253.0
88.0
8.0
210.0
210.0
210.0
366.0
359.0
331.0
238.0
224.0
89.0
250.0
198.0
351.0
332.0
365.0
355.0
190.0
190.0
81.0
84.0
144.0
250.0
365.0
250.0
200.0
228.0
354.0
296.0
106.0
88.0
334.0
250.0
242.0
143.0
210.0
210.0
210.0
7.0
355.0
334.0
91.0
392.0
354.0
250.0
32.0
125.0
210.0
224.0
392.0
7.0
210.0
342.0
359.0
86.0
366.0
210.0
228.0
190.0
143.0
200.0
185.0
84.0
86.0
84.0
323.0
354.0
210.0
8.0
106.0
195.0
106.0
210.0
238.0
224.0
210.0
200.0
8.0
32.0
354.0
8.0
238.0
238.0
354.0
238.0
8.0
197.0
251.0
143.0
366.0
228.0
7.0
185.0
210.0
84.0
81.0
334.0
340.0
144.0
210.0
250.0
454.0
452.0
302.0
282.0
204.0
493.0
282.0
304.0
282.0
204.0
303.0
101.0
282.0
325.0
282.0
74.0
292.0
454.0
371.0
204.0
204.0
282.0
452.0
204.0
493.0
493.0
493.0
371.0
452.0
493.0
493.0
452.0
454.0
302.0
292.0
282.0
493.0
493.0
302.0
325.0
292.0
452.0
304.0
493.0
281.0
452.0
305.0
454.0
