51
47
27
112
25
36
73
112
113
36
36
36
47
113
36
114
34
73
112
14
50
73
100
100
58
47
27
104
99
114
30
53
100
14
114
33
17
103
115
103
17
112
49
22
100
79
14
115
58
25
115
59
113
14
32
115
113
95
25
99
56
113
103
22
95
34
113
108
64
79
100
104
32
112
27
73
113
79
64
49
14
64
34
64
36
115
115
113
58
115
113
64
34
47
56
73
112
112
64
49
25
113
113
114
47
30
113
103
25
53
58
95
47
103
58
58
112
79
113
112
113
36
115
100
115
103
112
115
47
115
53
73
112
64
30
79
114
27
34
27
114
100
112
99
17
103
27
17
47
112
112
64
47
64
113
32
50
34
114
17
104
114
36
13
47
73
53
14
64
50
108
113
112
25
36
115
58
95
112
48
58
112
34
22
95
25
104
30
34
100
36
56
4
101
69
37
110
76
110
71
52
101
109
74
102
66
70
9
57
102
82
93
7
10
69
40
109
88
1
82
90
101
102
109
38
65
88
69
67
88
9
37
57
68
65
109
52
69
38
82
101
84
7
110
65
4
7
82
102
9
88
65
82
66
8
101
38
1
101
10
74
97
69
65
76
66
88
9
74
4
38
4
1
65
109
7
71
9
65
71
7
102
65
37
9
76
109
65
71
69
109
11
101
2
10
102
9
84
84
71
10
1
102
10
2
74
102
109
37
65
7
102
2
71
40
110
69
71
110
109
74
9
52
67
40
102
67
65
88
52
109
69
72
82
82
110
70
67
38
109
8
88
71
2
69
37
102
102
102
71
88
52
9
102
72
67
109
65
40
52
74
1
82
66
101
9
8
69
67
70
68
109
9
38
65
41
65
110
71
41
82
82
71
7
9
52
65
102
82
70
109
37
110
84
69
82
102
37
70
52
109
52
7
88
69
101
70
109
84
65
101
52
102
4
109
102
76
65
66
65
67
70
109
68
1
88
9
110
10
82
37
10
7
102
109
102
65
37
1
76
109
9
84
82
69
74
84
69
37
110
88
65
65
69
67
101
110
9
82
70
70
88
90
9
67
110
8
82
52
9
38
8
102
84
101
66
57
2
1
84
74
65
102
67
40
93
82
57
21
46
21
77
12
42
35
77
35
77
15
62
16
43
77
77
12
61
21
12
46
105
78
77
78
77
35
78
77
85
16
18
43
77
77
35
43
35
77
21
78
78
46
12
12
85
77
12
46
44
78
75
42
78
35
42
78
77
61
87
42
18
78
96
46
35
18
77
21
77
43
44
16
18
75
18
15
16
77
78
85
35
12
42
62
18
78
21
18
21
21
18
44
77
77
61
35
77
42
42
61
12
42
75
105
77
77
21
35
42
42
12
18
75
77
78
46
12
42
12
77
75
77
42
21
75
16
61
42
77
35
77
78
15
44
21
12
85
44
77
35
85
62
62
78
43
35
61
43
21
42
44
105
78
77
42
78
61
18
85
78
43
18
15
105
77
18
21
63
78
77
116
80
80
116
89
92
20
23
116
24
94
89
20
80
20
116
19
80
80
94
19
24
116
80
92
20
94
20
116
116
80
19
19
89
92
24
20
89
94
94
111
94
111
20
94
19
19
20
94
89
94
92
20
111
19
116
89
54
26
31
5
86
6
60
83
83
54
0
60
91
5
54
60
60
54
60
29
86
98
26
106
45
98
83
81
5
81
31
107
91
29
45
60
107
60
91
107
106
5
60
29
5
98
81
54
45
29
3
60
60
0
60
91
98
60
3
54
60
5
106
86
86
98
81
29
98
31
3
60
3
3
5
6
86
60
5
3
60
60
45
106
60
83
86
107
26
98
83
3
0
29
54
107
98
91
107
98
107
29
106
