34
64
108
28
95
33
73
51
64
36
30
115
73
13
59
47
47
100
99
99
104
30
56
33
103
14
33
100
53
17
103
95
22
47
79
55
95
104
17
103
113
95
28
59
48
103
36
17
32
49
73
22
30
112
58
48
95
104
56
53
51
30
103
108
64
114
36
59
99
33
14
103
47
27
103
103
73
28
25
114
113
114
100
104
49
99
56
56
114
114
30
33
104
33
58
103
49
36
112
64
34
114
95
56
53
55
112
103
112
25
115
27
73
95
32
55
79
47
28
33
115
50
33
28
59
59
51
34
95
32
100
47
95
115
47
27
53
95
28
25
27
58
55
73
103
103
95
53
73
79
112
114
56
14
114
51
108
99
22
27
112
17
99
53
27
30
95
13
114
17
79
64
115
112
51
33
104
73
36
55
103
51
13
114
48
56
25
28
48
103
53
53
59
30
59
51
108
48
59
27
103
22
28
64
48
99
56
79
79
14
114
51
113
58
95
103
108
48
47
113
48
56
95
64
115
79
13
95
14
17
95
73
56
28
59
95
79
104
58
33
103
13
95
112
50
114
14
113
56
115
56
100
48
13
79
51
73
55
103
73
79
58
99
58
53
33
108
36
50
25
32
30
114
28
108
50
56
22
59
49
49
27
99
56
100
95
50
27
34
34
33
27
50
53
22
51
115
22
53
59
32
79
13
104
115
53
48
104
53
33
25
113
36
51
58
79
13
73
103
17
55
13
103
79
48
51
13
14
28
53
28
53
30
100
113
13
22
103
32
47
95
13
56
104
73
55
115
22
114
113
79
47
50
100
22
48
58
14
59
25
79
113
50
53
115
14
64
100
114
30
84
70
4
7
52
67
93
2
76
97
109
69
109
74
2
2
66
110
68
10
72
101
93
68
90
10
84
40
67
4
82
65
82
37
41
76
101
41
74
74
84
84
74
10
110
39
38
2
4
90
70
52
65
52
97
52
9
82
88
66
41
69
8
37
68
68
10
109
65
7
82
110
82
52
38
102
97
93
74
65
10
1
84
88
41
38
97
52
84
39
88
71
7
7
101
74
90
4
65
76
37
9
82
74
41
41
70
70
69
82
102
76
9
52
97
110
68
8
66
71
110
93
39
97
4
84
76
8
4
109
57
76
65
110
82
97
110
52
76
4
67
57
67
41
9
70
76
2
102
4
65
4
40
71
9
76
90
10
93
84
7
67
65
7
93
71
88
65
52
90
52
69
71
90
40
9
66
65
72
74
82
65
74
10
84
72
93
39
71
74
39
65
82
9
38
84
97
109
88
57
57
101
72
67
2
7
66
39
7
71
68
76
39
88
110
38
72
41
67
39
66
52
37
4
52
9
82
88
71
110
40
72
76
72
38
65
74
76
102
102
97
65
70
84
39
90
40
52
67
74
70
97
110
84
39
110
68
110
82
68
76
2
102
4
88
72
8
76
76
76
9
110
57
101
93
68
110
41
67
41
68
8
93
65
66
8
71
101
101
97
57
72
38
84
71
57
37
110
84
37
110
37
72
67
11
41
84
2
37
40
71
40
7
97
65
57
101
76
11
11
74
84
109
4
65
69
76
67
7
82
40
67
7
2
101
97
11
66
52
76
90
8
52
74
9
70
110
72
40
74
71
76
76
65
52
84
101
102
9
66
102
52
41
109
88
10
84
37
97
88
102
2
7
72
39
62
15
105
87
35
21
96
12
21
87
46
46
42
87
75
63
16
96
62
18
62
15
21
96
62
35
35
87
78
46
105
87
42
43
77
12
87
46
21
62
77
87
43
43
105
78
21
15
35
21
78
63
85
12
46
44
12
35
15
44
62
78
15
42
35
15
44
87
44
12
77
46
105
44
42
44
43
78
62
61
16
42
42
42
75
105
18
62
77
78
77
42
44
18
42
15
18
18
18
21
42
85
16
44
85
75
62
16
75
21
75
96
105
42
44
21
63
63
63
85
78
87
105
105
46
16
15
35
62
75
43
87
21
21
43
35
87
46
63
42
42
42
61
63
87
16
62
75
21
44
21
87
78
78
63
12
77
87
87
78
61
63
15
63
78
85
78
62
21
75
63
35
78
78
16
63
61
75
18
78
42
63
78
44
105
15
77
63
46
35
35
21
105
12
42
44
18
61
96
12
62
85
62
85
35
12
46
96
92
23
24
20
23
80
116
19
23
24
92
23
23
111
94
92
80
92
80
19
19
24
24
92
23
92
92
94
24
20
20
20
111
116
23
23
111
20
23
80
80
92
20
92
89
92
23
111
80
23
80
20
24
23
20
23
24
20
23
80
94
19
23
92
80
23
81
29
0
31
98
83
3
83
26
98
6
0
26
45
26
45
86
6
0
91
107
54
60
60
26
81
29
107
5
83
107
83
26
45
91
26
106
45
98
6
45
26
81
5
0
0
3
98
31
6
107
86
29
5
6
83
86
86
45
29
6
106
0
29
26
45
6
3
83
107
29
98
54
91
0
98
31
3
98
60
86
107
107
29
106
31
106
54
98
5
26
60
0
0
45
60
6
107
26
98
0
0
106
5
0
5
91
98
98
0
54
0
98
107
107
29
107
45
98
86
54
86
54
98
98
31
91
91
6
5
31
31
26
5
45
45
54
31
81
6
31
26
86
5
3
107
0
0
3
106
106
