66
89
27
103
3
64
49
66
58
51
58
55
32
54
108
73
32
87
32
16
59
24
79
82
56
28
61
29
104
58
64
45
48
31
115
5
2
5
16
59
73
35
34
14
54
31
80
47
55
49
10
112
32
46
55
11
26
22
28
28
115
25
92
25
28
79
113
56
15
114
104
46
66
33
56
42
32
79
79
17
74
47
12
99
26
36
13
38
100
61
107
42
83
23
13
49
56
53
36
73
55
91
26
17
26
47
51
51
79
79
15
22
50
109
104
53
68
114
26
36
31
32
5
14
108
83
70
11
108
28
64
99
33
22
61
10
24
17
34
21
110
95
102
95
112
79
73
12
45
33
61
112
59
50
52
104
30
11
73
22
51
56
74
33
101
75
91
12
72
48
104
32
51
36
15
64
45
34
54
115
47
52
43
34
55
32
103
112
49
105
80
57
38
53
36
2
45
22
79
45
5
28
16
49
42
55
60
100
22
115
83
25
34
25
60
42
42
100
103
95
115
73
29
49
53
32
115
83
16
59
50
13
112
46
28
21
101
45
56
100
64
113
34
32
56
104
29
108
13
103
50
38
27
83
34
34
12
32
113
79
24
27
47
16
113
13
59
5
98
28
113
103
59
49
112
73
27
51
25
16
84
91
11
102
22
14
108
107
60
59
76
56
103
97
114
17
55
80
112
50
33
107
48
21
13
108
97
56
55
36
108
42
49
66
107
42
33
49
58
34
66
33
28
104
115
25
84
79
100
24
63
114
59
51
112
33
32
56
106
58
18
104
91
34
5
15
3
56
100
108
50
13
19
99
30
103
52
56
19
32
99
35
28
17
14
80
26
0
58
115
32
106
44
54
51
37
24
10
108
108
55
56
70
80
64
35
64
108
48
83
94
32
82
47
96
22
21
34
74
30
95
112
45
104
57
23
32
71
22
113
59
79
73
35
25
96
86
113
98
51
7
63
18
5
36
34
13
15
49
112
64
64
17
52
20
22
15
40
56
86
59
21
7
82
26
98
2
57
66
38
39
90
111
26
87
69
4
4
67
102
7
65
58
93
46
40
89
84
66
7
97
74
79
77
9
60
39
93
66
8
10
111
44
5
41
67
0
72
41
8
40
41
38
9
83
40
39
69
41
82
7
76
65
69
93
41
44
10
38
0
90
90
2
73
10
37
38
8
110
57
68
81
36
108
76
76
44
6
76
107
1
54
9
102
60
84
39
77
70
80
93
66
102
15
84
88
1
9
78
76
11
87
85
84
88
7
2
106
45
66
55
102
71
66
57
52
69
10
40
4
71
11
90
86
92
113
75
101
45
28
2
106
65
71
71
6
7
39
108
68
84
53
7
6
40
77
88
102
38
109
38
9
41
70
23
6
52
82
74
7
102
68
7
13
70
41
39
90
22
4
76
77
102
65
97
88
108
7
37
68
65
54
82
90
6
23
10
32
116
41
6
58
48
88
90
39
41
84
11
69
4
28
68
76
102
61
44
74
102
72
4
10
9
66
37
46
71
0
84
66
97
109
110
69
88
83
66
11
2
73
10
13
62
64
40
73
76
7
6
67
40
57
8
41
11
68
52
30
76
9
9
0
83
44
52
40
101
44
1
82
76
70
53
78
72
4
84
81
39
96
97
24
41
76
82
66
54
54
86
7
101
7
90
6
72
84
58
65
24
7
10
10
88
107
44
72
10
9
97
84
8
76
41
76
27
77
38
84
71
76
40
67
37
36
78
77
39
66
77
11
1
92
69
9
97
6
86
70
57
91
57
109
93
76
76
36
43
46
12
42
50
43
74
16
95
62
22
75
95
96
35
34
83
110
85
2
19
105
46
80
56
42
11
64
32
58
87
80
50
105
42
92
81
42
105
16
30
22
96
16
9
14
18
61
35
76
53
13
63
46
94
15
66
78
87
75
61
11
79
114
63
85
34
61
51
79
27
113
85
18
31
85
20
7
87
18
98
51
46
16
78
75
110
66
8
87
93
61
75
98
75
46
80
74
73
93
17
50
54
63
87
26
12
16
54
44
63
75
63
31
105
42
33
51
105
51
26
14
35
37
64
62
26
107
54
61
116
75
72
99
24
77
46
22
67
42
17
75
96
46
50
18
43
85
87
8
16
42
62
42
91
13
64
15
35
91
23
56
61
35
45
61
61
42
50
71
2
16
42
52
74
54
74
108
16
75
0
46
43
23
17
42
37
46
105
96
34
67
56
77
78
22
16
81
43
63
80
110
92
116
75
60
116
116
110
111
94
110
53
79
89
92
25
20
80
23
23
92
92
110
49
111
20
65
94
114
34
94
43
20
116
94
89
89
92
24
19
80
24
94
24
116
114
24
24
19
20
104
103
92
24
24
102
8
24
65
21
23
20
43
36
110
75
78
6
86
23
106
91
3
81
74
106
104
115
13
98
50
12
108
26
5
98
83
6
71
57
29
34
54
57
0
89
116
59
83
54
98
24
17
85
31
104
105
49
89
98
20
56
56
23
81
25
108
29
56
112
15
71
56
3
12
6
104
16
111
23
6
6
91
47
6
60
62
30
86
6
54
26
29
85
55
111
68
75
6
76
81
98
81
45
90
100
54
29
31
6
45
106
106
60
77
86
25
54
81
45
98
87
5
85
106
51
90
6
77
0
