33
33
104
49
22
17
113
50
48
17
103
59
30
99
22
48
114
28
33
32
34
53
103
32
22
79
79
50
48
53
36
14
104
64
25
53
104
17
104
103
53
48
103
28
49
100
13
95
14
104
115
58
79
47
112
49
13
49
108
58
36
48
14
50
14
13
115
53
79
32
28
17
48
47
112
103
48
95
36
113
112
100
104
73
113
48
103
17
47
17
99
103
14
49
49
50
58
47
47
25
36
14
36
13
33
49
17
73
56
30
51
27
17
32
48
64
14
32
36
59
51
100
49
50
25
59
25
13
64
59
59
17
47
13
99
64
99
64
79
48
30
112
28
113
17
32
17
33
115
112
95
13
51
113
112
53
47
114
32
32
27
53
64
33
79
33
30
47
95
53
56
49
95
112
55
30
73
49
30
22
64
49
32
51
47
50
64
73
14
13
49
34
22
32
55
103
33
79
48
13
49
59
17
47
59
53
112
73
48
108
79
13
30
114
53
50
53
27
95
49
99
36
49
51
64
113
48
36
56
103
53
64
22
49
33
50
99
55
17
56
33
113
49
95
104
104
51
48
25
14
48
115
72
82
66
70
93
9
69
67
39
37
72
97
37
2
71
57
72
82
1
10
101
65
37
37
88
37
10
68
2
109
76
69
72
37
109
37
2
2
69
70
11
71
37
97
101
41
97
82
102
4
69
1
72
65
66
37
8
76
76
109
69
9
65
97
1
2
71
66
69
10
4
57
38
102
97
1
8
70
82
76
2
1
76
9
66
66
72
72
93
101
71
72
9
66
97
41
37
65
40
71
70
52
70
37
7
66
66
2
37
57
67
102
40
69
76
90
76
9
2
90
82
52
109
69
71
69
41
37
2
82
101
68
2
37
8
101
90
93
41
72
69
10
67
74
82
41
102
8
69
76
7
66
110
66
9
39
38
70
1
67
38
66
11
84
2
66
9
8
41
37
41
52
11
102
72
69
74
71
9
109
71
9
70
69
65
88
37
101
66
9
67
101
97
4
10
2
37
82
37
41
109
8
1
97
82
52
109
67
69
52
66
37
38
102
10
2
97
110
67
69
1
52
76
2
110
72
76
67
76
72
68
110
84
97
39
69
97
97
102
69
101
101
2
8
71
66
88
2
88
69
9
1
84
72
76
2
57
84
8
65
101
71
1
71
102
101
74
43
15
63
85
42
62
78
61
46
85
78
15
18
61
46
61
44
105
62
85
105
44
62
61
42
42
44
75
96
35
61
105
42
44
46
105
85
96
35
105
61
16
16
44
63
46
35
42
63
62
35
18
15
12
44
42
46
12
77
12
96
87
15
87
21
35
85
18
96
62
15
35
61
105
16
16
78
62
105
96
96
35
42
75
62
44
61
62
35
46
15
75
18
63
61
61
75
43
77
43
18
18
63
63
96
21
35
16
15
87
44
96
35
116
19
94
23
19
94
23
23
19
24
24
23
23
19
116
23
94
89
89
20
92
19
20
116
111
23
20
20
116
116
116
19
92
111
116
80
20
80
19
19
92
20
19
111
92
89
94
20
80
23
80
89
89
94
89
19
80
111
23
94
116
80
111
80
94
92
20
23
94
94
20
20
94
80
94
94
107
83
98
0
6
5
3
107
83
26
107
98
31
83
3
0
86
54
83
107
5
5
45
29
5
5
83
91
83
5
3
5
91
86
31
29
3
29
91
5
107
91
98
107
91
54
83
29
29
83
83
31
106
86
5
106
81
31
107
60
31
5
45
91
91
83
29
5
86
107
26
3
86
60
83
3
86
60
26
83
81
107
83
86
91
31
26
29
107
81
83
86
54
5
0
81
91
98
107
91
45
26
98
83
107
83
83
106
45
107
54
