72
14
73
11
14
22
47
14
39
22
14
14
11
14
85
14
39
68
14
39
22
73
8
37
97
14
14
37
28
22
68
10
0
14
73
22
14
54
62
73
73
68
14
34
73
73
11
14
73
54
73
4
73
10
10
20
73
53
14
22
22
22
11
9
10
91
73
11
14
28
62
9
73
39
14
14
57
31
10
15
73
83
3
53
68
28
10
14
73
14
22
73
14
74
11
68
10
40
73
37
73
14
9
39
22
44
73
10
11
8
39
11
11
53
14
14
68
54
14
13
83
22
22
62
68
14
68
14
44
14
14
14
14
14
14
0
53
39
77
62
53
10
14
14
39
8
11
10
68
14
74
14
14
9
10
72
53
22
15
28
73
62
28
14
4
62
9
45
14
14
39
22
29
68
39
73
22
73
10
10
15
10
14
39
52
14
11
15
35
8
22
14
10
73
10
11
22
39
71
8
14
14
15
14
14
14
39
14
39
14
10
9
39
73
14
44
14
9
66
14
11
14
14
91
73
46
10
14
22
71
11
68
14
83
4
22
39
73
39
97
14
39
39
73
40
15
14
22
68
14
91
11
62
16
22
3
35
73
39
22
73
14
14
53
14
14
77
22
14
54
14
34
15
39
54
73
22
41
28
31
25
44
39
11
10
73
73
14
3
14
15
39
39
14
73
74
40
14
8
22
74
4
11
88
73
9
73
73
29
14
86
35
9
14
88
91
14
14
12
14
3
73
14
9
73
14
68
9
14
14
32
28
73
14
14
62
14
23
39
14
22
14
91
9
22
14
68
98
14
73
14
9
14
9
39
35
14
22
22
8
15
22
11
39
0
15
14
74
14
11
24
12
12
14
22
14
62
12
10
22
8
4
62
11
73
77
48
73
28
27
73
99
54
45
14
15
73
29
73
14
73
14
73
12
22
22
14
10
73
71
62
45
54
73
22
8
9
74
10
14
39
14
73
11
66
73
46
31
14
14
10
11
39
73
14
77
10
11
10
73
13
14
10
11
11
37
39
45
8
4
11
73
9
73
53
54
10
62
10
21
73
35
73
41
62
18
14
22
73
29
73
52
13
99
22
11
73
99
11
14
11
14
39
14
73
14
39
73
39
39
73
73
3
14
73
39
39
11
8
45
14
28
74
22
12
14
91
22
10
22
14
22
73
14
22
9
10
73
68
14
22
15
13
29
73
15
62
14
73
35
14
22
62
73
14
53
73
39
72
73
4
68
73
83
88
14
3
14
10
37
39
14
14
14
22
41
11
27
22
37
8
14
14
39
57
68
73
73
73
14
14
12
39
22
14
8
39
25
73
10
14
53
14
52
23
73
62
10
15
83
14
15
14
13
73
14
10
62
27
74
73
73
10
81
14
11
14
10
10
68
30
88
22
14
68
62
39
86
91
22
73
14
22
73
28
31
14
8
35
9
14
11
15
26
29
62
14
44
9
73
14
39
14
14
14
9
14
62
62
10
10
14
62
74
23
22
11
68
13
29
22
14
22
14
14
15
73
74
46
28
73
73
15
47
73
14
11
14
10
14
73
14
62
73
14
39
9
22
11
14
62
54
14
3
35
43
22
14
14
11
68
8
14
10
8
14
14
14
22
14
27
14
22
39
15
14
37
39
39
54
73
11
14
54
46
14
68
68
11
22
11
22
47
68
73
59
28
14
14
14
14
68
73
8
22
14
45
39
11
73
10
8
3
86
53
73
22
22
14
28
14
68
10
73
14
8
45
10
14
10
9
62
3
9
14
73
11
14
40
39
37
73
16
9
10
10
14
73
22
10
13
14
57
8
15
53
37
10
11
22
62
14
11
71
10
62
11
22
54
73
73
73
14
39
10
22
22
39
3
