59
59
17
34
115
99
112
13
112
56
27
58
48
48
79
104
112
103
49
103
14
22
104
28
58
50
113
27
103
103
53
22
17
55
103
14
28
115
115
103
73
13
114
115
48
33
103
108
49
113
47
28
104
50
48
112
73
58
30
104
100
104
95
112
55
51
33
95
32
113
112
95
79
73
14
104
95
28
14
53
95
32
50
48
108
55
27
95
112
32
103
48
108
55
22
95
22
103
32
14
14
32
58
112
108
22
99
95
114
103
113
103
115
17
50
95
28
79
112
112
114
56
112
50
30
112
103
49
58
103
73
104
103
28
34
14
79
103
112
103
17
49
114
53
49
103
103
50
103
58
99
33
51
28
95
22
103
112
73
114
53
95
33
30
114
95
49
30
115
50
112
27
27
112
48
99
99
103
73
113
22
100
47
13
115
99
79
115
49
32
103
49
30
103
95
22
55
103
58
103
49
103
13
112
48
103
49
22
115
30
33
73
103
112
112
27
112
57
97
57
37
101
70
7
65
57
88
11
110
84
39
39
65
71
66
10
38
65
38
90
9
10
101
93
93
72
101
76
57
88
71
57
72
66
39
41
66
41
38
9
57
57
110
40
67
76
10
97
10
88
7
9
88
39
57
10
8
110
39
66
82
40
72
101
2
10
10
101
69
38
4
110
101
110
38
2
72
57
82
110
90
7
110
39
7
68
70
110
70
67
57
71
102
39
110
38
67
37
109
67
68
57
71
72
7
70
90
7
70
88
9
9
70
9
2
88
82
93
10
110
66
7
90
69
109
57
40
40
67
66
2
38
82
1
88
8
10
9
93
38
69
110
88
10
37
93
70
90
10
39
4
38
9
82
110
67
57
82
82
57
10
9
57
66
66
65
38
11
71
52
101
40
57
101
66
7
102
71
76
69
57
101
76
69
110
4
67
7
82
70
70
41
82
38
69
38
66
11
69
38
2
109
82
38
76
9
39
88
10
57
70
88
93
9
76
68
110
38
71
109
2
10
1
40
110
90
88
90
72
40
65
74
110
4
11
2
10
88
71
110
2
110
4
57
8
74
110
9
110
7
90
93
37
38
7
65
11
97
93
2
2
9
10
2
1
40
90
66
90
7
65
1
68
10
37
70
101
82
110
10
110
57
52
93
7
38
9
10
76
109
84
57
70
38
70
101
67
93
74
70
110
101
101
57
66
8
40
57
101
110
9
40
69
2
7
69
39
72
101
88
40
39
82
10
71
39
88
101
66
90
101
110
93
41
4
109
65
110
57
67
90
44
43
18
62
42
12
78
35
46
15
15
61
78
87
75
77
42
46
61
35
46
62
63
35
85
21
85
42
42
43
15
78
21
62
87
15
85
18
16
21
77
61
16
12
42
12
62
42
75
35
43
35
63
35
42
44
44
61
62
21
35
15
105
85
46
42
96
78
46
44
16
85
42
85
63
62
105
42
18
61
63
42
85
62
43
35
21
78
35
12
105
61
63
16
15
46
75
46
61
21
35
85
43
46
35
62
35
61
35
105
42
78
46
16
85
61
44
78
62
16
15
61
96
116
92
80
116
94
116
89
20
116
23
20
116
92
23
23
23
94
92
116
116
92
19
24
23
92
111
116
92
92
92
92
92
116
20
116
116
89
116
92
92
92
80
23
80
92
54
5
106
86
107
91
29
3
3
91
54
31
26
91
29
60
5
107
54
29
91
54
26
45
86
91
45
54
45
106
60
91
60
45
107
31
106
60
106
98
31
3
83
5
54
54
26
54
31
26
29
86
31
5
83
54
60
91
26
45
26
60
107
31
31
91
54
26
3
60
91
54
26
60
106
45
106
31
83
60
26
26
60
3
45
91
83
60
86
86
