95
33
104
92
110
12
113
50
102
34
55
59
30
43
22
48
14
25
33
32
34
53
103
32
24
79
86
56
48
36
53
14
114
64
25
53
53
48
36
103
53
48
103
49
17
100
100
95
14
104
51
58
79
49
112
103
55
50
108
58
47
48
14
50
14
16
115
104
79
32
28
12
34
47
112
113
115
15
36
73
59
100
34
58
113
15
87
55
56
32
103
5
64
49
43
50
58
113
28
28
36
114
36
13
33
47
12
99
56
48
112
27
73
99
107
17
114
32
50
113
51
100
47
47
28
59
29
13
86
112
59
17
115
55
99
12
99
30
64
56
115
112
47
50
85
32
17
33
115
112
95
13
61
28
30
53
85
114
115
27
27
113
64
28
57
33
40
25
15
53
56
2
33
95
13
27
56
49
30
22
14
47
32
43
113
50
64
2
114
56
50
27
22
30
55
103
21
79
48
100
47
113
73
47
113
48
61
34
11
108
58
27
30
114
113
50
114
27
95
63
99
22
49
28
64
95
73
19
56
103
53
17
24
50
33
47
103
13
12
56
33
50
49
15
104
104
62
48
115
73
26
108
72
82
66
6
93
79
71
67
39
37
57
97
37
2
87
98
68
82
4
10
101
65
37
37
89
109
10
68
90
41
76
40
87
37
57
9
90
68
8
70
11
5
81
97
6
68
108
82
74
77
52
1
84
65
66
77
68
102
76
87
4
9
65
97
1
2
78
89
52
11
84
103
38
102
6
71
69
70
82
74
111
9
92
9
66
66
87
57
93
6
71
87
4
74
97
109
41
84
40
68
70
77
36
37
87
66
66
2
37
76
52
102
108
8
76
90
88
7
77
90
82
88
57
6
67
69
41
81
90
82
6
68
37
69
69
6
2
93
82
72
61
10
8
62
41
102
71
8
69
74
38
37
39
92
66
2
38
70
1
73
41
66
27
84
4
66
107
7
109
87
41
52
11
96
72
41
89
49
39
41
36
107
70
67
65
102
85
101
66
9
67
6
36
90
79
2
37
82
57
41
109
8
1
97
82
81
55
10
84
52
109
55
2
102
10
2
110
97
67
65
90
71
102
1
23
72
102
65
9
66
78
110
84
109
11
69
110
110
97
69
111
70
0
8
0
102
1
65
88
69
9
40
84
9
92
2
87
89
8
11
101
71
7
71
102
6
74
47
15
63
85
42
28
78
62
46
85
78
91
61
15
46
62
44
13
62
15
105
44
62
42
105
47
44
75
15
35
26
73
42
42
46
105
91
96
35
105
22
16
48
44
103
46
35
12
45
62
35
95
48
12
87
42
96
12
92
46
96
77
45
54
21
35
85
18
29
61
15
75
61
105
12
12
76
51
105
78
105
35
75
75
62
44
61
62
43
46
18
35
27
18
62
47
75
43
37
43
46
18
63
16
96
33
105
16
16
87
37
43
62
116
94
80
104
94
6
21
60
36
110
24
89
23
19
22
93
20
89
88
62
94
80
94
116
14
23
61
20
24
116
116
94
38
92
116
92
37
62
111
19
11
20
81
111
110
88
94
116
80
23
62
89
89
94
89
19
80
92
23
36
19
80
111
80
36
107
116
89
20
37
38
20
110
38
94
20
107
60
81
0
6
112
108
41
106
26
107
3
31
83
108
6
106
54
83
54
0
0
45
29
0
6
26
91
83
98
3
98
54
86
31
25
108
29
91
5
107
91
98
0
91
54
45
26
29
86
45
54
86
29
5
106
81
45
107
86
31
0
45
91
107
86
29
48
60
85
26
3
72
96
106
3
87
106
26
83
81
81
81
86
91
31
26
29
107
69
29
60
54
5
111
81
67
98
17
54
59
45
83
106
4
45
103
11
43
37
54
