53
14
73
73
3
22
43
14
39
101
14
14
11
14
62
14
73
68
14
39
37
73
14
22
97
73
52
37
28
53
35
10
0
53
73
22
22
57
62
22
73
68
14
23
73
73
11
14
73
85
28
4
73
10
10
37
59
53
14
53
22
22
11
77
10
54
73
22
14
28
74
86
73
14
14
14
57
31
14
28
73
52
3
39
68
28
14
14
73
14
22
73
14
74
11
68
10
68
73
37
73
14
53
22
22
44
14
10
11
68
39
11
39
73
14
14
68
93
14
41
83
10
22
22
68
14
68
73
44
14
14
3
14
14
14
0
73
39
73
62
73
10
14
11
39
8
11
10
68
14
74
103
14
9
3
72
53
22
62
28
73
13
88
73
44
62
9
14
14
23
3
24
54
68
14
73
22
73
10
14
14
10
14
14
52
14
10
15
86
73
41
14
10
73
10
74
73
39
71
8
14
14
28
14
14
14
39
14
39
14
100
9
14
73
14
10
14
53
66
14
11
28
14
91
73
11
10
22
50
77
14
14
14
14
3
22
39
62
52
68
14
14
39
73
40
48
14
50
68
14
54
68
62
83
22
3
44
73
39
22
73
14
73
73
14
14
52
22
14
72
73
34
73
39
4
73
22
52
28
9
14
44
10
11
10
73
73
22
3
14
62
39
39
22
73
74
25
14
10
22
14
4
44
74
73
14
73
73
54
14
86
35
93
14
14
23
22
14
73
14
3
73
14
9
73
14
68
53
14
14
73
10
73
14
14
22
14
80
14
14
22
14
107
14
14
3
68
54
14
73
14
52
28
53
39
14
14
22
50
40
62
101
11
39
3
15
14
74
14
11
40
9
73
14
22
14
62
73
14
22
39
3
62
57
73
77
48
73
28
22
14
11
54
83
14
54
73
83
73
14
73
44
73
12
22
22
14
10
73
44
62
45
93
10
22
8
9
74
10
14
14
14
73
51
88
3
44
40
28
14
10
11
39
73
14
86
10
15
14
73
73
14
10
11
14
77
39
8
80
3
11
73
9
73
53
93
10
22
10
3
73
35
73
77
62
74
73
21
73
103
73
52
73
48
22
11
73
11
73
14
11
14
14
14
73
14
13
73
28
39
73
73
4
14
73
39
62
11
68
3
14
28
74
22
37
62
54
22
14
37
14
22
73
73
22
9
10
73
14
14
39
59
73
103
11
28
62
14
73
62
14
22
62
73
14
53
73
73
73
73
3
86
73
86
14
14
3
22
10
37
14
14
14
14
22
41
11
22
50
37
39
10
14
10
3
68
73
73
10
14
14
73
62
73
14
8
62
3
14
14
14
73
14
52
23
73
62
10
15
86
14
62
14
73
73
73
10
62
27
74
53
62
10
45
47
11
14
10
14
68
30
23
40
14
68
62
14
73
91
22
73
14
23
73
14
25
22
8
77
57
14
11
73
53
54
62
22
44
9
73
14
73
14
73
74
53
14
40
22
10
10
14
62
74
23
22
11
68
73
54
22
21
53
14
14
48
73
74
11
10
73
14
28
47
73
14
11
14
10
14
73
14
22
73
14
39
44
22
11
9
62
31
62
14
62
43
22
14
14
11
14
8
14
10
45
14
14
14
103
14
11
14
37
14
15
73
37
73
73
14
73
11
22
85
11
11
73
68
11
22
11
22
50
68
73
59
28
14
14
14
14
14
73
39
22
14
81
39
11
73
10
10
3
86
53
73
22
22
14
28
14
14
10
73
14
68
54
14
14
10
48
62
103
107
73
73
14
14
40
39
37
73
15
53
10
10
14
73
22
10
13
14
77
68
62
73
22
10
11
22
22
11
11
77
10
39
14
22
93
73
73
73
14
22
10
22
28
62
3
