42
96
32
61
34
15
42
104
37
11
114
30
28
100
50
64
76
25
99
96
91
115
55
2
24
108
54
3
15
31
17
26
96
26
16
50
80
64
14
63
114
32
115
25
103
99
45
12
50
33
16
108
17
29
26
43
108
36
112
61
75
90
114
113
112
77
52
101
45
3
3
104
63
99
15
91
85
36
30
30
32
96
72
108
17
57
61
35
73
30
26
13
11
63
33
79
103
14
75
114
34
91
72
30
18
100
87
41
55
103
80
46
14
111
114
28
64
95
116
27
115
116
26
95
112
32
36
99
14
33
52
44
85
115
95
116
17
98
29
55
4
80
28
49
101
22
33
48
21
22
58
22
55
12
86
115
99
107
64
89
113
51
71
11
48
18
53
26
22
96
13
53
59
14
15
99
91
103
104
25
4
95
22
49
12
58
94
67
25
114
81
76
32
52
112
79
41
51
54
48
99
35
45
104
112
42
59
93
58
58
96
99
50
108
15
14
31
55
100
63
13
113
42
16
95
83
108
31
33
13
56
47
55
48
112
9
43
99
41
109
25
5
58
12
52
51
36
51
13
101
79
26
116
13
113
106
31
27
100
40
79
14
55
92
83
21
50
83
106
48
48
55
73
70
95
17
91
25
47
3
47
49
115
47
30
8
14
31
101
8
25
78
3
1
114
104
84
56
51
58
100
28
100
41
56
49
21
95
56
21
114
81
95
18
21
49
48
79
47
11
108
95
62
104
53
34
50
47
6
13
83
55
73
34
59
28
58
49
58
22
73
50
43
21
116
27
101
73
13
95
108
95
42
61
30
103
86
105
17
114
113
50
115
114
92
60
0
113
61
70
27
56
27
15
54
45
25
47
61
10
105
100
104
25
17
64
50
49
51
33
65
13
2
10
38
36
107
37
39
113
8
7
11
107
40
69
70
22
9
110
67
89
96
65
37
78
38
90
40
101
80
70
105
81
66
71
40
1
41
81
4
93
93
103
38
102
20
110
77
72
98
67
37
1
11
96
9
88
9
10
72
53
22
2
9
109
82
60
74
46
48
62
74
110
81
68
97
19
71
66
10
36
68
0
40
72
78
40
41
2
7
7
0
69
69
38
60
84
86
93
27
113
44
89
100
66
0
9
39
17
2
92
96
76
6
8
72
101
1
60
88
40
68
70
5
60
8
37
23
4
72
116
68
66
89
76
37
93
38
72
70
90
100
71
7
68
93
6
2
71
10
11
88
86
40
68
52
57
109
64
38
8
81
11
72
41
52
90
81
1
71
69
107
76
57
104
24
2
88
9
72
7
66
60
110
100
107
102
10
66
67
101
70
78
70
80
88
106
72
65
72
0
88
8
53
109
6
72
8
41
71
1
41
7
110
38
50
93
66
74
68
4
4
7
69
37
70
93
68
88
88
7
65
53
27
68
101
2
19
111
68
68
38
82
80
107
44
68
9
8
70
38
97
52
115
66
35
47
86
4
108
8
57
103
60
8
88
67
81
53
38
93
40
41
78
1
64
105
88
37
68
7
1
67
97
102
81
9
8
67
55
100
38
33
52
39
70
84
84
68
0
62
71
8
19
70
2
93
0
65
52
84
76
7
36
48
62
69
65
9
80
66
2
71
109
82
77
83
0
41
102
68
8
97
97
11
81
6
79
101
75
53
24
4
40
87
58
62
76
85
75
18
15
100
44
17
24
75
75
96
27
23
75
44
36
63
43
35
55
78
21
50
75
77
44
38
35
62
38
75
87
96
80
18
62
78
46
91
44
83
105
80
96
78
62
2
16
87
21
61
114
85
4
16
15
79
11
77
27
91
39
60
21
75
95
58
62
48
46
78
77
116
58
28
19
53
47
35
113
92
70
60
85
64
78
14
62
87
72
76
35
53
45
66
75
28
85
96
42
66
96
44
92
63
105
73
85
109
105
63
59
105
86
18
32
46
114
18
105
61
16
63
12
96
62
91
85
87
68
46
37
26
77
47
0
85
107
21
43
10
25
105
48
44
45
26
23
28
42
62
85
16
97
4
66
63
76
51
84
34
76
21
65
20
108
81
92
92
108
111
24
19
62
89
24
94
58
4
23
76
11
24
94
5
50
4
84
79
110
116
74
116
15
20
69
37
94
69
94
94
84
111
71
89
75
19
70
30
51
20
99
86
24
69
37
42
6
6
79
19
89
15
36
90
112
19
23
89
38
24
65
110
82
67
30
61
79
88
89
92
100
116
24
111
94
19
82
92
16
94
94
94
84
71
69
16
116
7
111
36
63
83
62
31
54
46
60
64
90
98
3
85
3
16
57
46
26
40
84
3
34
108
106
87
3
77
83
91
6
13
91
56
29
58
100
0
108
60
52
58
62
110
45
69
86
56
26
45
98
29
43
59
100
112
30
44
54
15
45
45
72
37
57
60
83
47
100
29
98
56
85
0
29
53
45
107
99
71
83
6
86
3
43
84
114
29
29
115
98
83
110
89
45
59
3
31
31
31
98
76
6
11
87
45
107
31
90
29
34
2
106
26
84
98
26
97
50
98
25
36
0
54
12
67
43
29
6
40
31
57
91
73
32
91
30
31
90
25
59
5
67
26
59
75
60
29
99
74
7
23
60
50
59
91
100
103
54
52
6
98
21
73
48
5
75
