99
36
115
113
113
36
49
79
58
49
104
55
32
99
99
34
28
17
50
14
59
50
114
64
56
28
34
25
104
36
114
14
13
53
17
100
103
108
55
32
73
95
33
28
48
58
104
47
50
115
53
114
32
100
55
34
79
22
50
114
115
108
14
59
50
114
113
95
13
79
79
25
104
79
56
114
30
28
114
58
73
47
112
99
59
114
13
104
56
113
17
48
53
50
13
49
103
53
114
73
100
14
56
104
112
47
108
51
104
55
108
36
50
113
104
53
28
104
95
113
32
108
47
14
113
28
113
14
108
22
114
99
36
22
49
25
34
17
34
53
36
115
104
114
47
112
73
17
47
50
28
113
59
50
33
55
30
14
14
36
50
25
14
33
114
49
64
56
95
95
36
34
51
50
34
14
33
34
47
113
47
53
99
32
55
113
103
113
49
53
53
100
53
36
79
53
103
51
79
22
100
28
100
115
14
55
113
56
114
113
100
25
34
47
113
64
25
53
36
114
113
27
34
49
53
47
113
103
53
58
100
13
112
79
28
17
36
108
17
55
79
113
34
32
56
104
79
47
56
99
55
48
59
103
48
95
56
32
113
36
53
32
47
50
113
53
99
95
56
28
113
104
59
115
49
73
47
51
25
34
36
50
59
64
22
64
47
36
58
59
114
53
103
36
17
17
55
34
47
100
33
56
48
58
103
108
36
56
55
114
113
36
49
104
50
14
114
115
114
34
53
48
95
103
36
103
49
114
100
34
95
79
59
51
113
95
99
17
113
95
64
104
22
34
115
73
25
56
100
108
103
104
36
28
30
103
73
34
32
32
28
36
47
17
14
50
79
51
112
47
30
104
99
14
51
100
36
22
115
59
55
56
113
28
64
30
17
108
48
50
36
32
79
32
27
22
28
30
53
30
58
113
59
103
55
103
53
13
73
113
56
51
73
50
25
112
59
113
95
51
25
115
50
79
64
27
103
48
49
73
55
58
17
50
36
22
34
95
100
50
17
33
112
102
72
41
88
57
9
66
11
84
38
82
37
67
84
40
67
102
93
65
10
71
70
1
9
90
66
4
97
68
88
40
109
37
72
93
84
7
38
82
74
40
41
41
68
72
41
65
40
41
38
101
67
2
39
40
109
71
8
76
65
67
93
74
90
66
38
40
2
4
88
74
88
38
7
102
110
90
65
76
70
40
102
70
93
84
84
68
102
93
9
40
72
84
39
67
70
74
1
74
65
37
110
11
93
40
71
2
11
41
72
37
11
38
69
66
8
101
57
9
84
97
109
72
70
10
40
66
84
11
37
74
37
70
76
110
70
93
66
57
101
2
71
84
7
39
38
101
52
101
93
109
93
102
70
65
38
40
8
82
41
11
101
2
65
82
74
1
76
93
7
102
41
41
10
110
11
71
2
72
65
65
72
88
11
7
38
52
65
39
101
90
82
70
74
74
97
41
65
66
38
74
37
8
41
84
11
69
84
70
8
82
102
66
52
72
70
39
84
8
1
67
72
74
71
67
65
68
97
90
110
4
84
72
37
70
71
39
74
76
93
70
40
72
37
88
82
67
40
57
72
71
11
88
8
70
101
101
72
109
88
76
52
9
38
67
1
37
37
9
101
97
72
4
72
40
10
38
97
101
109
71
82
84
37
74
70
38
101
38
8
2
72
84
9
65
102
38
10
52
1
93
70
40
70
9
109
69
8
9
11
110
38
97
7
37
10
76
40
67
37
90
40
66
10
37
82
52
1
82
65
97
37
110
1
70
57
8
9
82
88
71
82
77
105
46
44
62
61
43
35
15
105
46
46
75
43
105
35
61
78
75
46
78
35
85
42
44
105
43
78
78
96
85
87
21
18
78
78
43
78
63
18
85
43
15
43
16
44
78
18
18
18
62
77
46
42
18
85
15
78
78
87
75
61
18
42
43
63
85
42
61
61
61
18
85
85
43
16
85
43
78
87
18
87
61
46
16
78
75
78
62
77
77
77
61
75
12
75
46
42
77
46
62
16
61
12
63
87
85
21
85
77
18
63
75
43
16
42
15
75
75
105
61
77
46
15
77
43
62
43
62
96
18
61
75
78
18
46
78
18
46
78
42
16
75
18
78
21
18
43
85
87
61
16
42
62
78
42
12
42
85
35
62
62
16
61
35
85
43
61
62
61
18
105
16
42
75
35
43
35
85
15
63
78
62
42
43
105
78
77
18
44
78
12
18
105
62
96
78
42
44
78
63
35
19
92
89
20
111
116
116
24
94
116
24
20
89
89
111
24
20
89
23
23
92
89
23
89
111
20
89
94
116
23
94
23
20
116
92
89
89
92
24
89
80
94
94
24
94
116
24
20
19
24
94
92
92
24
24
23
23
111
89
20
23
94
23
24
19
81
81
6
83
6
106
91
29
81
29
106
83
83
86
98
26
31
6
91
5
98
54
5
107
83
83
31
81
86
0
81
5
54
83
45
98
107
3
29
0
0
98
6
81
98
26
29
83
91
81
86
5
29
107
98
54
6
86
31
83
6
60
83
6
5
81
60
5
26
6
60
26
29
86
6
26
54
26
91
106
81
91
81
54
0
81
98
86
45
6
107
5
81
31
6
86
106
86
60
86
107
54
26
81
29
60
60
54
98
106
31
0
6
81
0
