17
113
17
33
115
96
25
13
112
56
29
36
48
49
104
36
112
96
49
30
79
36
104
28
58
50
59
64
25
25
53
47
17
55
103
114
28
19
115
26
107
13
53
115
48
21
115
25
47
56
49
33
104
50
95
61
17
58
30
104
56
104
95
112
13
112
17
58
32
115
6
64
105
13
14
36
95
80
95
53
95
32
13
99
30
16
27
26
59
36
104
15
104
13
22
26
113
114
32
95
14
64
108
24
25
110
99
95
21
16
50
49
115
13
50
63
28
79
113
35
53
56
112
115
30
49
114
5
114
85
17
104
103
13
59
14
79
103
80
111
17
28
79
53
30
114
58
22
104
58
29
33
61
28
80
95
103
56
105
114
53
15
33
32
14
95
47
59
12
50
28
27
48
112
48
99
99
104
112
50
110
100
32
12
113
91
79
17
112
32
50
47
30
115
26
22
56
56
58
14
49
53
13
20
48
113
115
22
42
3
21
73
34
112
51
27
51
103
52
109
6
76
29
7
39
77
88
105
55
77
39
1
84
6
1
58
1
89
0
90
9
52
6
68
52
46
72
76
3
49
108
87
70
66
37
0
66
100
88
9
85
55
110
40
96
107
81
97
82
89
2
9
88
67
98
39
65
6
70
66
2
40
72
36
98
10
39
68
2
92
4
68
65
23
65
71
57
5
6
30
87
11
78
102
7
68
50
107
0
103
87
69
102
88
92
69
70
37
52
98
68
72
6
72
7
72
90
4
70
49
9
4
70
9
1
88
82
93
10
34
1
1
37
69
73
57
108
40
67
66
111
3
77
1
49
8
78
9
93
3
57
110
88
100
37
93
72
6
72
91
4
38
90
82
107
108
57
84
81
29
70
76
57
102
1
65
4
11
71
74
29
40
98
101
41
7
74
70
76
52
103
57
76
67
110
4
102
7
90
73
70
7
109
65
69
111
76
11
111
64
111
87
82
84
76
9
39
49
71
72
70
88
91
9
76
68
22
84
2
86
2
109
1
40
105
90
89
0
97
110
65
78
67
4
80
56
90
76
71
110
2
110
9
55
69
79
52
9
110
6
82
10
37
5
7
11
67
97
93
2
2
9
38
2
40
40
0
92
77
7
65
82
97
10
37
77
91
82
110
68
97
98
102
58
7
66
9
100
76
77
104
90
70
38
70
103
98
80
74
70
78
108
90
87
66
8
40
16
110
116
9
102
69
41
70
0
76
35
100
74
69
41
41
78
5
23
8
101
67
4
73
79
93
102
4
57
84
19
41
67
111
44
58
79
51
42
12
96
35
46
48
15
43
20
94
35
109
42
46
46
35
46
51
63
35
74
21
105
42
46
43
16
105
48
61
57
28
42
18
51
21
75
42
16
91
12
19
61
46
75
35
43
116
43
114
45
44
44
61
62
64
35
105
105
85
46
63
15
92
46
44
105
85
42
85
42
62
74
18
75
61
63
20
12
62
43
35
91
78
35
42
105
43
16
13
95
46
75
76
18
21
92
54
43
27
78
51
35
62
35
105
91
78
35
16
85
61
44
92
51
16
43
61
96
19
34
80
19
21
20
74
20
94
80
24
20
76
23
23
23
101
112
116
19
19
21
24
23
80
36
36
116
20
23
92
44
19
20
19
50
81
20
42
81
78
80
23
80
24
54
71
60
60
4
91
67
3
3
91
54
42
26
23
3
100
5
107
16
29
91
54
26
45
86
91
45
98
91
98
81
91
83
83
107
45
86
106
45
98
108
3
18
5
31
54
103
54
31
72
29
60
25
5
45
54
60
115
99
85
48
106
107
31
54
91
54
21
58
81
85
54
26
42
60
45
64
31
20
86
26
26
106
3
45
29
91
106
106
98
