39
14
14
11
39
14
14
14
39
22
14
14
11
14
14
14
39
8
14
14
22
10
8
4
97
14
14
68
14
22
68
8
4
12
73
22
14
54
15
14
73
39
14
14
73
73
12
14
73
12
73
4
73
10
10
22
14
15
14
14
39
22
10
9
14
15
73
11
14
14
62
9
73
39
14
14
39
15
14
15
73
16
3
14
68
14
10
14
73
14
22
73
14
74
11
39
14
68
73
37
73
9
9
39
22
44
14
10
11
8
39
11
14
14
39
14
68
12
14
12
83
22
9
62
68
14
68
14
44
14
14
14
14
14
14
4
14
39
10
88
14
10
14
14
39
8
11
39
39
14
74
14
14
9
10
9
14
22
15
14
73
14
14
14
68
62
9
14
39
12
39
22
29
68
39
73
22
14
10
10
14
10
14
39
8
14
11
14
14
8
14
14
10
14
10
11
22
39
71
8
14
14
15
14
14
14
39
14
39
14
8
9
39
73
14
10
14
9
11
14
11
14
14
34
73
46
10
14
22
71
4
8
14
83
8
14
39
73
39
68
9
39
39
73
8
15
14
14
68
14
91
11
62
12
22
3
14
73
39
14
73
14
14
14
14
14
8
14
14
14
14
14
15
39
54
10
22
8
14
15
14
44
9
11
10
14
14
22
14
14
15
14
14
14
14
74
8
14
8
22
9
4
11
88
73
9
73
73
29
14
86
14
9
14
39
12
9
14
12
14
14
73
14
39
14
14
39
9
14
14
14
14
73
14
14
22
14
14
39
14
14
14
12
9
22
14
68
54
14
14
14
9
14
9
14
35
14
22
22
8
15
22
11
39
4
15
14
12
14
11
22
12
12
14
22
14
62
12
14
22
8
39
62
11
73
77
14
73
28
11
14
73
54
45
14
15
73
29
14
14
73
14
73
12
14
22
14
10
10
71
62
45
54
73
22
8
8
39
10
14
39
14
73
39
66
14
12
10
14
14
10
11
39
73
14
11
10
11
10
73
14
14
14
11
11
37
39
14
8
4
11
10
9
14
14
54
10
62
10
14
73
62
14
41
62
15
14
22
73
29
73
8
14
11
22
11
12
73
11
14
11
14
14
41
73
14
39
8
39
39
73
14
3
14
73
39
39
11
8
14
14
14
74
22
12
14
12
22
39
22
14
14
73
14
14
9
10
73
14
14
22
14
14
29
15
15
22
14
73
14
14
39
62
73
14
14
73
14
39
73
4
68
73
72
39
14
14
14
10
37
39
14
14
10
15
9
11
27
14
9
8
14
14
39
41
68
12
73
73
14
14
12
39
14
14
8
39
14
12
10
14
14
14
8
14
73
22
10
15
68
14
15
14
14
73
14
10
22
27
74
73
73
14
8
14
11
14
10
39
68
30
88
22
39
39
35
8
68
12
22
14
14
14
14
14
46
14
8
35
9
14
39
15
15
29
22
14
44
9
14
14
39
14
14
14
9
14
14
62
10
14
9
46
74
23
22
11
39
14
29
14
14
22
14
14
15
14
39
46
14
14
14
15
14
14
14
11
14
10
14
73
14
22
14
14
8
9
22
11
14
22
54
14
4
46
14
22
68
39
11
68
8
14
11
8
14
14
14
14
14
27
14
22
39
14
14
4
39
8
14
73
11
12
54
46
15
68
68
46
22
11
22
39
39
73
15
14
14
14
14
14
14
14
39
39
14
14
39
11
73
10
8
4
86
39
14
22
22
14
14
39
68
10
73
14
8
14
10
14
88
9
14
14
9
14
14
11
14
68
39
9
15
16
9
10
8
14
73
22
39
14
14
73
8
15
14
9
14
11
22
62
14
14
71
10
14
14
22
54
73
39
73
14
39
10
14
22
39
14
