34
10
30
112
16
33
107
61
18
53
30
49
73
13
113
49
49
100
99
99
70
30
56
33
25
82
33
104
114
17
98
59
22
49
79
55
59
104
17
103
26
95
28
59
48
50
116
64
32
49
73
22
5
32
58
51
15
104
56
104
62
30
83
108
12
24
36
45
99
33
82
103
43
27
56
103
73
22
108
14
113
114
100
104
49
99
56
56
114
114
30
33
104
33
58
17
49
110
43
64
34
36
95
115
104
55
112
103
28
25
50
27
17
13
32
56
74
49
28
48
115
50
53
28
59
59
50
34
95
32
100
47
79
56
47
27
53
42
28
25
30
58
55
73
25
29
14
53
73
79
112
114
114
14
114
28
108
108
22
27
114
17
30
53
27
30
34
100
101
17
79
17
115
92
74
33
104
73
36
55
25
51
13
36
32
56
108
79
48
103
72
53
112
25
112
115
25
48
59
27
99
22
28
12
30
99
56
74
79
14
14
115
59
58
53
103
108
48
115
113
48
73
21
2
47
62
13
15
14
17
13
60
56
49
113
100
64
104
17
22
104
13
26
45
113
114
14
113
56
108
56
100
27
13
14
51
73
55
103
73
79
21
99
58
56
33
108
6
50
25
32
30
33
28
25
50
56
114
113
47
49
27
99
56
114
21
50
27
99
34
33
27
50
53
22
50
51
50
104
59
92
13
50
104
108
104
67
104
70
32
25
59
70
51
58
102
13
73
55
17
55
13
69
79
91
51
64
53
28
36
28
53
5
100
113
13
22
29
32
115
95
16
56
53
73
50
115
33
80
113
79
49
50
53
20
48
58
14
59
108
14
113
50
53
115
14
114
100
24
30
44
70
68
7
52
67
1
2
71
40
109
8
109
6
90
2
66
72
68
64
72
6
93
68
93
64
39
40
67
69
82
69
82
98
41
44
101
109
74
74
39
77
74
2
110
39
38
111
4
1
70
52
81
77
97
81
7
82
41
41
41
68
8
109
68
8
10
109
8
7
82
24
82
77
38
109
111
93
74
65
10
1
36
66
41
1
97
88
77
84
89
66
7
38
6
74
90
68
8
76
90
9
82
44
41
41
39
70
1
102
102
76
9
52
97
97
78
8
66
71
97
93
39
97
65
65
76
49
4
57
87
90
65
97
82
97
110
52
37
4
69
82
40
41
69
70
4
2
102
68
65
4
69
71
9
76
90
64
70
39
2
67
65
7
93
102
89
81
77
90
52
67
71
90
40
69
66
65
72
74
82
8
74
64
84
72
93
39
71
74
39
65
2
7
38
8
97
109
88
109
87
101
72
67
41
7
66
10
7
71
1
76
39
88
92
92
72
41
67
7
66
28
109
4
49
69
82
89
72
97
40
72
1
72
38
65
74
102
102
102
97
69
70
84
39
65
40
52
67
79
70
110
110
44
65
110
78
94
82
6
111
111
102
4
66
72
2
77
76
74
9
101
57
111
93
1
24
41
67
41
68
8
93
7
41
65
87
101
9
97
109
72
38
84
71
87
37
24
39
37
110
37
72
67
11
109
72
2
77
40
71
40
7
93
8
57
7
77
11
11
74
39
109
4
7
1
76
40
7
82
40
67
7
2
101
93
11
66
52
90
90
8
52
102
9
70
68
11
40
74
71
6
76
65
52
65
101
40
9
1
102
77
66
109
88
10
84
57
1
88
89
2
7
72
89
18
15
105
77
35
21
96
12
37
77
63
46
42
45
75
63
16
48
62
18
62
95
31
96
51
75
92
57
96
91
105
57
43
43
77
12
107
44
21
62
77
98
43
45
105
78
21
48
75
21
78
63
85
12
46
44
12
35
15
44
61
46
95
42
35
15
71
57
44
12
75
46
105
44
42
44
49
78
61
51
16
42
42
42
75
105
18
62
101
84
75
43
83
18
42
15
18
18
105
21
75
85
16
92
85
75
115
16
44
95
35
96
105
42
44
21
92
85
46
85
78
17
105
105
46
16
15
75
62
35
43
109
26
21
49
75
87
46
63
61
42
42
61
63
87
16
62
105
15
63
21
57
96
64
46
58
77
87
57
78
51
63
95
61
78
91
78
62
15
77
63
35
78
64
16
63
61
75
105
78
42
63
78
76
105
15
87
63
46
35
44
21
105
12
42
44
15
61
96
12
61
85
61
85
35
12
46
96
24
89
24
116
111
80
116
94
21
24
116
91
23
101
94
112
80
92
89
111
20
94
24
24
19
94
23
94
24
19
48
20
80
94
94
23
111
94
116
80
80
92
20
92
89
92
116
111
89
23
80
20
24
21
20
23
94
20
80
80
94
19
23
110
80
23
81
29
0
31
98
83
3
83
54
98
6
6
26
45
26
45
86
101
71
91
81
54
86
60
26
81
29
107
5
83
107
83
26
45
91
45
106
45
98
6
45
26
2
5
0
4
3
98
23
6
107
106
29
5
6
83
60
86
52
29
6
106
38
29
26
45
101
5
86
107
29
98
54
91
0
98
31
3
98
85
86
107
107
29
106
31
106
54
98
5
26
86
0
4
45
86
6
107
26
98
0
0
60
5
4
5
85
87
98
0
54
0
98
107
107
29
107
45
98
60
85
86
54
98
98
31
91
91
6
5
31
31
99
5
45
45
54
31
81
6
31
26
60
5
3
107
0
0
3
106
106
