61
115
27
58
108
22
59
14
34
88
24
22
50
112
21
94
91
100
28
79
47
73
13
50
14
47
27
104
32
14
30
36
100
36
25
33
55
50
26
103
17
30
114
22
22
80
56
56
13
113
55
112
50
30
33
56
33
95
103
99
73
113
55
36
13
34
22
108
64
49
22
104
32
51
27
73
59
28
64
47
114
64
34
13
114
115
48
112
58
47
59
12
34
115
73
56
28
113
64
50
108
22
113
30
49
73
113
108
47
114
58
114
32
50
58
17
79
14
30
23
113
22
50
107
115
29
59
36
47
47
53
73
14
14
27
28
53
27
34
27
53
14
33
31
17
56
99
17
47
112
28
17
47
12
50
32
73
34
48
22
23
107
22
13
25
73
53
114
49
50
70
12
112
115
19
51
58
15
112
27
58
112
14
22
95
49
104
115
99
100
34
56
4
101
66
37
96
111
110
71
52
101
57
74
102
76
50
107
55
1
82
93
9
10
67
69
55
49
36
82
90
85
67
87
11
67
89
69
67
88
107
37
98
68
38
93
77
1
65
82
101
8
77
110
8
4
7
82
66
90
71
65
10
11
8
101
11
1
6
93
74
97
69
39
76
66
88
110
74
4
91
65
1
39
99
7
71
90
38
71
71
110
34
37
9
23
36
65
70
69
2
11
101
111
11
40
9
77
90
39
97
1
41
10
65
36
40
109
41
65
7
11
111
71
69
110
97
69
111
103
74
69
52
72
40
102
67
8
2
52
90
69
72
92
82
19
27
52
88
87
8
44
71
2
67
4
40
67
11
71
89
46
39
102
72
108
87
69
69
52
74
107
82
66
72
9
8
40
77
86
78
87
9
38
8
57
39
110
71
66
82
82
71
4
9
80
11
102
90
68
109
37
97
84
107
97
76
76
70
79
109
25
69
8
69
6
70
53
84
8
53
88
97
2
87
99
77
8
102
11
44
72
109
68
1
52
9
97
93
79
14
10
38
102
87
89
52
37
69
23
93
81
84
4
110
74
84
69
50
60
49
39
65
53
81
6
94
7
82
72
104
89
90
9
116
94
8
82
52
9
38
8
102
81
93
4
77
2
1
84
79
65
102
67
40
93
41
99
113
46
36
57
99
63
35
38
105
45
95
62
16
43
61
71
12
115
95
12
46
105
105
77
45
23
43
56
87
17
13
62
43
25
31
75
99
75
86
28
92
78
107
12
64
26
58
12
46
92
96
20
45
60
22
42
78
75
51
87
63
18
35
16
16
35
95
10
13
100
43
44
16
96
75
18
15
12
0
105
83
75
100
45
57
62
78
21
92
19
21
45
44
87
115
75
35
10
61
42
80
16
42
11
105
80
75
96
94
45
45
112
105
76
89
78
46
12
95
16
83
51
99
85
21
44
63
51
95
77
35
77
15
15
44
33
85
85
92
87
35
26
62
51
19
63
35
62
43
21
46
44
32
10
71
42
78
61
15
85
96
49
18
95
105
45
18
16
63
48
87
24
80
88
89
88
24
94
23
21
110
21
89
20
80
20
19
116
62
80
111
19
24
94
112
2
20
94
94
19
116
80
20
116
88
24
22
20
88
94
94
111
116
110
36
19
19
19
37
94
88
116
94
20
111
33
19
89
54
104
31
5
56
6
66
106
83
54
0
106
23
5
98
86
106
54
77
31
86
57
86
106
45
98
83
83
108
71
31
17
85
29
45
106
107
56
91
17
73
5
57
45
25
98
90
98
45
29
3
106
106
0
0
91
83
106
73
31
60
21
100
60
26
54
82
29
98
31
3
60
3
3
98
104
73
73
5
3
86
0
27
60
106
108
103
107
26
85
106
5
0
29
54
73
98
91
107
98
107
29
106
