22
51
17
51
22
59
33
104
49
32
99
30
79
100
27
27
64
30
59
30
17
51
33
50
36
103
108
33
99
58
56
59
30
22
50
33
100
64
14
30
112
32
95
25
25
99
50
27
14
14
56
108
17
36
27
30
108
36
49
115
58
51
49
49
103
56
114
36
58
14
59
104
47
99
99
28
22
64
30
30
32
27
25
53
58
73
73
33
73
32
33
13
99
103
33
114
51
14
115
114
27
48
100
27
14
56
50
27
55
103
56
48
14
104
36
14
30
114
103
27
49
36
17
95
51
48
104
27
14
33
50
100
79
115
99
113
13
51
30
95
27
28
50
25
103
22
33
103
22
22
51
104
50
27
33
113
73
51
64
104
114
51
22
48
36
27
53
58
22
27
13
53
59
108
108
99
50
108
104
25
22
95
22
49
48
13
112
73
50
115
32
100
32
17
112
28
115
115
33
27
99
50
108
22
33
103
108
22
64
13
25
14
51
108
50
14
27
55
100
30
13
103
104
59
115
36
108
64
22
25
104
47
50
32
104
99
95
25
100
50
33
27
13
50
28
51
114
50
59
108
79
53
115
13
33
95
51
27
50
104
36
27
50
22
100
64
55
49
112
27
32
55
73
22
79
17
14
14
51
51
103
49
51
32
108
50
14
30
13
33
25
59
30
27
36
104
27
28
115
33
50
27
103
17
17
49
30
95
56
22
79
14
95
14
13
51
30
33
103
27
49
115
22
27
53
59
56
50
79
14
50
55
73
56
59
14
64
103
34
36
14
13
103
79
108
108
79
14
17
112
103
79
22
22
108
103
50
34
17
114
50
114
49
13
53
30
36
112
28
114
27
33
99
28
25
36
14
103
115
14
56
55
104
59
17
17
28
108
51
27
88
38
76
10
97
97
82
84
39
110
39
7
10
57
40
69
9
97
9
110
67
38
67
97
110
38
90
90
1
76
7
65
37
65
84
65
72
1
37
66
4
65
93
66
38
102
93
110
84
97
57
102
69
88
74
39
67
1
9
74
72
88
40
72
9
109
7
90
37
40
38
97
39
102
90
38
97
68
71
90
1
97
66
67
40
10
38
8
7
7
7
7
102
110
65
102
69
4
1
9
9
9
9
82
10
8
39
39
74
68
2
52
102
76
97
84
70
37
84
52
88
93
37
67
39
57
1
37
102
65
76
110
68
70
90
72
37
68
38
101
66
66
109
4
38
41
76
84
8
66
10
11
88
52
66
110
11
57
109
69
102
90
97
11
9
70
2
109
8
7
66
4
76
2
57
101
65
2
93
101
72
70
66
52
82
70
90
102
93
40
102
52
97
88
70
37
88
65
38
52
102
88
38
52
88
109
110
1
8
82
71
1
38
7
110
52
2
1
66
74
11
4
4
40
110
110
11
70
84
90
10
4
11
39
90
40
1
57
37
90
110
2
40
82
84
67
84
68
74
84
70
97
97
11
52
67
11
38
101
52
102
8
72
57
69
65
8
67
40
40
67
93
40
72
7
110
74
67
39
68
74
84
10
11
74
110
110
70
68
67
84
52
39
65
2
8
102
84
8
11
82
90
84
8
110
52
74
93
38
65
52
37
76
52
97
1
97
69
65
72
93
70
82
84
40
82
66
76
8
67
66
11
4
67
90
11
90
66
101
90
67
97
102
52
88
84
12
62
62
16
75
63
15
96
44
44
12
75
105
21
44
21
75
16
77
63
105
35
87
96
46
35
75
46
43
77
35
96
18
75
87
96
96
62
62
87
42
16
44
78
105
96
78
63
42
63
16
87
21
61
78
63
85
16
96
62
46
105
35
12
96
105
105
105
16
35
62
42
46
78
35
61
105
21
44
61
78
44
105
96
46
75
85
78
78
35
62
75
85
18
35
21
63
96
105
16
85
96
42
16
46
44
35
63
105
21
85
87
105
18
105
105
42
42
16
46
46
21
105
61
16
63
12
96
96
12
35
87
62
46
77
16
96
85
18
35
105
21
78
96
43
21
43
78
77
21
18
16
42
62
85
85
77
96
46
105
80
23
23
116
19
20
92
20
92
111
92
92
80
92
24
19
80
89
111
116
19
89
92
89
19
20
94
23
20
23
80
80
94
116
80
116
23
20
92
19
94
89
94
94
89
111
92
89
80
19
80
23
80
20
23
89
19
20
116
20
92
94
20
19
23
80
80
20
89
19
23
89
92
24
89
116
111
92
80
80
80
111
80
92
111
116
116
111
94
19
19
116
20
116
116
94
89
80
92
20
116
20
92
31
6
83
107
31
91
83
106
107
0
107
3
83
3
83
60
54
26
31
3
83
98
107
106
60
5
86
83
91
6
86
54
45
29
91
3
0
5
60
54
31
54
107
45
81
83
45
26
5
86
29
0
45
5
86
3
54
91
106
45
3
29
106
107
60
83
91
107
98
106
86
91
106
31
5
45
54
83
83
31
6
106
3
3
45
106
83
107
107
98
6
83
81
45
91
3
31
31
83
98
5
91
107
106
45
3
31
107
29
98
5
106
26
81
98
26
81
83
98
45
106
0
91
54
83
83
54
6
81
31
106
91
107
45
91
0
31
0
3
91
5
0
91
91
86
6
29
54
5
86
54
60
107
54
91
29
45
3
31
6
98
54
29
31
107
91
