77
126
27
9
32
9
152
64
54
9
9
137
9
126
37
32
9
50
126
126
98
123
57
79
85
9
32
98
32
141
9
108
32
141
31
85
108
32
64
79
126
144
57
133
52
95
47
117
108
141
128
47
98
85
52
63
64
60
37
98
9
9
9
85
98
108
98
133
108
14
31
57
63
98
77
85
128
126
77
55
77
103
13
32
128
9
85
85
73
98
98
108
156
85
128
32
98
50
23
113
104
48
45
87
31
15
133
126
27
50
159
71
128
31
54
11
83
123
102
77
108
23
87
123
52
125
32
128
57
123
113
90
117
126
87
126
162
126
37
126
13
31
108
57
102
128
47
9
9
52
128
137
126
31
168
23
32
71
81
164
9
123
47
9
98
113
63
101
113
105
13
57
64
45
166
31
9
144
128
79
79
13
113
128
55
9
32
68
7
85
102
141
93
48
37
159
49
34
9
44
77
9
31
141
111
79
168
98
57
9
71
9
93
32
57
141
47
15
9
141
57
85
52
79
32
98
57
77
24
0
9
9
10
79
62
82
59
117
82
128
71
128
64
9
46
64
77
31
90
85
117
71
113
13
123
9
141
156
85
85
31
150
116
85
23
77
49
71
126
98
32
85
128
103
112
57
54
128
98
77
109
31
64
57
47
71
36
73
128
43
104
104
47
71
32
23
141
32
111
123
95
63
111
98
77
150
98
27
44
31
0
9
9
0
32
32
123
54
31
47
37
52
13
123
98
9
52
144
85
83
152
47
77
128
128
57
163
168
141
113
31
168
32
98
64
57
98
126
57
90
126
49
31
141
126
98
98
108
57
87
71
57
115
71
123
105
32
126
123
57
64
57
14
47
50
128
108
114
128
141
50
31
124
69
37
57
162
104
32
9
57
128
62
9
168
27
9
123
79
63
128
9
124
141
128
54
108
152
102
79
60
57
128
113
98
126
32
128
85
9
77
141
32
82
64
90
168
128
12
47
159
79
79
9
79
77
54
20
47
36
123
23
98
128
85
0
124
77
59
47
128
9
57
57
108
151
54
57
66
23
9
117
47
86
73
128
69
57
32
57
70
32
9
85
9
9
23
79
9
9
30
60
108
111
71
108
77
117
141
128
57
128
85
146
57
99
137
13
57
141
77
9
116
141
47
98
31
32
45
37
98
47
85
32
77
168
57
152
150
102
99
128
9
71
50
63
113
90
128
71
49
98
76
10
113
57
0
12
82
85
128
85
100
128
9
98
106
32
60
77
151
85
64
31
52
79
86
71
57
113
101
57
90
144
79
90
57
71
141
141
11
11
57
9
9
9
98
9
57
123
152
85
83
37
126
32
79
76
57
22
102
98
32
98
87
64
89
54
85
111
123
104
71
85
47
156
78
32
98
71
126
102
162
100
71
9
161
90
64
71
141
108
108
57
71
31
77
90
57
57
102
71
71
85
50
86
50
141
73
71
98
44
9
98
85
63
77
87
117
57
160
108
145
37
128
79
126
71
98
31
85
18
122
128
15
64
146
104
37
9
113
141
9
95
28
57
57
52
152
87
47
141
146
9
117
32
13
79
123
160
161
32
108
113
73
64
57
108
19
45
69
54
134
32
32
57
85
98
124
47
14
64
104
151
79
117
66
115
71
57
57
18
32
64
31
79
77
79
9
32
134
144
126
89
31
23
71
79
9
64
141
32
128
31
102
86
79
144
49
141
14
102
70
45
26
117
32
98
90
31
0
77
27
87
108
125
126
57
85
13
108
113
77
32
32
102
32
85
32
128
52
156
64
126
144
98
30
71
72
113
108
115
73
141
24
102
79
86
32
146
117
47
9
79
85
123
79
18
86
113
32
90
93
9
152
162
57
159
50
37
71
98
32
9
117
9
63
141
123
37
47
108
23
14
85
108
63
32
141
47
37
9
31
