11
15
45
39
35
14
44
12
42
162
42
11
39
66
15
12
0
41
45
15
15
12
45
39
32
162
162
45
11
12
5
66
15
36
32
32
15
12
39
32
137
45
42
9
162
161
160
162
160
161
32
36
36
14
45
14
32
32
35
9
162
36
14
9
4
10
16
3
5
17
5
1
16
2
3
10
17
8
3
16
4
33
7
8
15
6
17
5
4
0
36
7
1
6
4
16
2
16
4
0
8
3
4
6
1
1
7
2
33
2
8
8
1
15
1
5
5
17
4
5
3
7
10
7
16
43
37
32
43
130
32
38
130
129
49
41
13
129
34
43
130
130
34
13
43
44
49
49
130
129
137
140
41
40
32
129
140
140
131
41
139
49
11
131
140
129
40
41
140
140
11
34
43
13
49
41
129
37
13
140
129
139
131
13
41
131
91
73
159
89
75
69
167
68
68
91
159
148
90
90
67
78
71
90
167
75
159
159
78
167
89
90
79
72
72
70
91
73
67
75
69
74
74
74
91
70
71
79
76
70
167
74
68
79
67
73
75
159
22
72
71
72
89
22
159
67
74
167
70
159
69
73
69
70
167
79
136
67
76
79
167
74
169
67
73
79
91
79
73
89
75
76
78
78
151
134
133
147
77
136
136
76
134
126
95
126
78
126
77
126
76
151
134
151
133
151
136
77
147
150
133
126
151
133
148
95
149
151
150
148
147
147
147
150
147
132
151
151
148
146
78
133
77
149
146
61
133
90
76
136
136
149
133
150
136
150
149
152
156
106
85
81
83
142
82
105
102
81
80
106
88
109
104
104
85
105
105
142
105
156
152
84
142
82
97
86
83
142
80
105
109
105
107
107
107
81
86
142
152
107
83
82
88
84
170
80
105
81
83
85
107
104
87
82
156
104
80
142
142
152
152
88
109
97
156
152
81
102
152
142
109
109
106
107
84
82
80
107
142
105
109
81
82
156
83
106
104
102
102
105
82
108
106
104
107
108
84
153
96
153
96
123
115
164
92
92
92
113
125
125
166
123
94
127
163
163
155
94
153
94
153
113
125
96
95
163
124
127
95
155
164
96
125
124
113
128
92
155
93
154
123
128
113
31
123
113
96
124
93
93
155
94
94
128
125
95
128
123
124
163
25
67
21
141
23
24
25
24
18
25
141
25
23
141
19
25
21
23
20
20
20
19
20
19
25
141
22
24
18
21
19
18
23
19
69
18
22
21
24
20
141
24
20
19
24
64
31
165
27
30
26
166
166
158
158
28
128
144
165
26
158
28
28
26
157
27
98
28
29
29
166
164
165
30
97
164
98
143
157
30
29
143
30
27
30
27
26
26
31
28
157
163
158
164
166
166
143
166
26
29
144
26
28
26
143
98
98
26
28
165
158
54
144
62
164
97
157
163
144
31
164
164
29
27
97
30
26
165
157
108
100
103
106
102
101
100
103
100
100
100
99
99
103
100
103
145
100
99
101
99
145
145
106
145
99
101
103
102
108
101
112
113
113
114
114
114
115
115
112
112
115
113
116
116
138
113
113
116
112
113
154
114
112
114
116
114
115
112
137
117
111
111
47
46
122
48
48
137
48
122
48
137
110
117
48
118
11
118
121
119
117
156
121
110
168
120
47
111
122
119
121
110
111
121
121
111
118
119
47
11
110
110
46
117
46
110
110
46
48
118
120
48
119
56
151
65
57
54
65
56
62
108
97
52
53
58
55
55
64
59
62
52
62
59
57
64
87
62
62
55
50
51
59
59
151
56
87
59
59
57
52
65
57
52
97
58
65
55
61
54
50
53
60
59
57
63
65
53
53
63
65
64
108
60
54
59
65
59
156
54
57
61
53
59
126
58
50
50
65
170
58
57
52
58
57
65
57
63
87
58
54
57
53
60
50
65
53
63
56
64
63
62
65
