126
126
60
57
141
98
57
98
126
126
126
57
57
98
98
111
141
141
111
111
111
141
57
57
98
98
111
98
141
141
151
141
111
98
57
111
98
126
57
141
98
57
111
98
122
79
98
111
111
98
111
98
123
111
111
57
141
126
111
98
111
126
98
141
57
98
57
57
98
126
126
141
111
111
141
98
126
57
98
98
64
98
111
98
126
98
98
141
126
98
111
57
57
126
141
141
98
141
98
98
126
98
98
111
111
111
98
126
57
126
57
98
141
111
57
98
98
98
144
126
95
111
111
141
111
57
141
111
98
126
111
98
57
111
57
141
123
57
98
98
126
79
126
126
98
111
57
126
141
98
57
98
126
111
126
98
111
98
141
98
57
126
98
98
57
57
141
111
126
126
111
98
98
98
126
98
111
57
79
64
57
137
111
111
141
111
126
123
126
141
98
98
98
98
111
126
111
111
111
98
111
141
98
57
98
111
126
98
126
98
141
98
57
79
111
98
98
57
79
126
98
98
111
141
141
98
98
168
98
98
111
98
57
98
137
98
12
126
98
111
111
57
98
57
111
126
79
98
98
98
57
98
126
126
98
111
111
111
98
111
79
98
98
141
126
126
98
141
111
98
98
98
98
126
57
126
111
111
111
98
98
98
98
98
126
98
111
57
111
98
98
98
141
141
98
151
57
98
126
98
98
111
98
98
141
98
141
57
98
98
57
98
111
111
141
126
126
98
98
141
57
111
98
57
126
141
141
111
98
111
98
57
98
98
57
98
98
98
126
141
98
141
111
111
79
111
98
98
79
141
111
98
57
98
98
111
97
111
57
98
98
98
98
126
98
57
98
98
111
111
141
98
126
126
98
126
57
111
98
126
126
126
126
141
123
122
57
126
111
57
111
141
98
98
57
57
57
126
98
141
98
98
57
126
111
141
98
98
98
98
98
98
126
98
141
98
111
111
141
111
126
111
98
57
98
168
141
141
98
126
126
111
57
98
111
98
111
57
57
126
98
111
134
111
98
98
141
126
98
111
95
98
98
57
111
98
98
111
123
123
98
98
57
126
98
98
98
98
98
98
111
111
111
98
111
126
98
98
126
168
111
98
98
98
98
98
111
111
111
126
57
27
123
111
111
111
111
98
57
141
98
126
126
111
141
111
98
111
111
98
141
98
79
126
123
98
98
126
111
141
57
98
98
111
98
141
98
126
126
141
57
126
111
126
111
98
98
141
111
126
126
108
95
111
141
111
126
98
141
111
57
111
126
126
111
98
126
98
111
126
98
126
141
126
98
141
57
126
141
111
98
111
98
126
141
126
57
141
126
98
98
98
111
98
111
111
111
111
111
98
111
98
141
111
98
111
141
98
98
98
98
57
111
57
98
57
98
98
64
111
98
98
126
57
98
126
111
141
57
134
111
111
141
79
111
98
111
98
98
57
126
98
98
98
111
98
57
98
98
108
111
141
57
98
141
57
95
141
98
98
98
98
98
98
57
126
98
126
98
126
126
126
98
57
111
98
57
98
57
98
57
113
98
98
98
111
111
126
123
57
98
98
126
126
98
98
126
98
111
111
57
126
98
141
98
98
126
111
98
141
126
123
141
57
111
98
98
57
98
141
126
111
111
98
111
108
111
98
111
111
57
141
98
98
126
98
98
98
108
98
98
98
98
98
98
57
98
111
57
98
98
98
98
111
98
64
57
126
57
98
111
126
126
98
57
98
98
126
98
111
126
98
98
111
111
98
126
126
123
141
79
111
98
57
111
98
57
98
141
98
111
111
126
97
141
98
98
98
126
123
57
98
111
111
123
98
141
98
98
98
98
111
111
111
98
98
141
98
126
98
98
111
57
141
64
98
98
57
98
126
141
98
98
98
57
126
98
98
126
98
98
126
98
64
141
111
98
141
98
126
98
98
98
98
111
126
111
137
98
111
111
98
98
98
98
