12
12
12
39
42
160
45
12
35
162
35
35
42
66
45
12
35
12
45
15
45
12
45
42
36
14
162
35
45
12
66
35
35
15
45
33
12
12
66
11
12
45
42
39
162
160
160
161
161
161
45
39
15
14
36
14
45
42
15
15
162
36
14
35
17
10
7
0
10
6
3
1
7
2
1
6
16
6
0
4
4
2
3
8
8
16
17
6
4
8
8
16
1
6
4
10
2
10
0
6
6
3
4
6
5
1
7
6
10
0
8
8
3
1
1
0
1
17
7
5
5
7
4
8
6
43
139
32
43
130
40
41
130
129
49
41
41
49
49
130
49
131
49
131
41
44
131
140
44
129
41
43
38
131
38
49
140
131
34
38
37
140
38
131
38
38
40
13
140
140
38
34
130
13
49
41
130
37
41
139
131
131
139
37
34
131
91
73
68
91
73
70
167
74
75
91
169
90
71
89
67
89
90
89
71
74
67
72
90
72
67
159
89
72
159
70
91
68
67
74
69
74
72
74
167
159
167
89
90
74
72
74
73
79
67
73
75
73
167
72
68
67
89
89
159
89
73
167
71
70
70
74
72
70
89
79
91
69
79
89
167
75
159
72
68
91
71
79
68
89
68
76
133
78
134
134
149
77
77
78
136
76
151
126
126
148
134
77
150
134
76
134
134
134
133
151
136
77
149
77
133
77
134
148
133
77
149
134
149
148
149
149
133
150
147
133
134
134
148
77
76
147
134
134
134
151
133
76
132
136
77
136
132
150
133
146
148
152
104
106
108
105
83
142
82
83
156
81
109
106
88
83
156
104
85
105
106
142
105
156
81
108
142
82
87
108
83
142
80
109
109
105
107
107
152
83
86
142
108
107
105
82
142
105
142
86
80
108
83
104
152
104
83
105
108
104
85
142
142
106
152
142
80
87
104
108
105
156
152
87
83
83
107
107
84
80
80
107
88
152
156
81
82
152
80
104
105
156
108
105
82
108
108
105
83
108
83
153
153
153
125
93
125
125
153
153
153
127
125
125
94
93
153
92
127
94
155
93
153
153
153
127
125
93
93
96
124
92
123
154
93
96
153
96
93
92
153
155
93
125
124
128
127
92
123
125
153
124
93
93
155
94
94
93
125
96
127
93
127
124
19
22
21
141
23
24
25
21
21
24
141
20
23
141
21
21
18
23
20
20
20
21
25
19
20
20
22
21
18
24
18
25
23
25
22
18
22
18
21
21
141
24
18
18
21
97
26
28
27
157
158
166
166
164
29
26
164
27
28
26
26
158
29
26
157
27
27
26
30
26
166
164
26
30
97
26
97
144
157
27
28
26
26
27
30
29
26
157
31
27
28
163
31
26
26
26
144
26
26
144
27
27
26
26
31
27
27
30
26
27
166
97
158
97
29
29
157
29
163
28
26
164
158
26
97
26
28
163
30
102
100
103
102
100
101
100
101
99
100
103
100
99
103
100
99
99
100
99
103
103
100
145
100
145
100
99
103
100
99
100
112
112
116
112
114
114
115
116
112
114
116
113
116
115
112
135
113
116
112
115
113
114
112
112
116
114
112
112
137
117
111
117
47
46
122
48
46
137
48
122
46
137
120
47
46
111
137
46
121
111
117
110
120
110
110
121
47
118
47
110
46
122
111
46
46
110
119
110
118
137
110
117
120
110
46
111
47
118
120
118
120
48
119
62
61
65
51
170
65
57
52
64
63
51
56
55
63
55
64
63
55
52
62
58
57
170
63
58
64
55
62
51
59
53
57
62
52
65
55
59
62
54
53
59
170
52
65
55
50
54
50
58
51
55
57
63
65
50
50
63
65
65
60
60
64
50
65
59
60
54
61
61
53
51
52
62
50
56
63
170
50
57
58
56
50
65
57
63
63
58
64
51
62
60
51
63
50
65
50
170
63
51
65
