63
31
18
47
24
81
9
85
77
47
56
95
98
63
77
9
9
85
44
76
81
102
71
56
31
45
77
9
44
147
31
45
23
158
52
146
23
111
85
78
59
79
31
59
52
144
80
84
160
108
36
38
24
27
71
52
77
102
79
47
102
9
114
17
13
62
27
165
56
7
52
128
51
7
128
50
69
82
52
50
71
77
123
72
134
77
53
53
67
161
7
52
9
161
45
85
77
15
23
99
105
70
37
85
161
27
115
79
77
77
146
31
146
166
52
95
31
47
98
45
34
52
71
31
85
128
44
83
13
123
152
123
31
70
85
25
27
117
19
116
52
31
56
47
72
129
60
111
23
77
35
80
83
85
27
68
31
9
98
106
9
31
9
104
47
77
117
19
37
125
37
123
9
15
35
77
104
77
113
71
105
85
50
94
111
78
108
9
146
9
14
105
56
47
144
99
13
9
31
47
60
7
52
7
98
146
164
31
144
4
96
100
123
49
27
47
45
50
88
73
35
77
113
14
146
150
27
77
19
69
27
61
104
47
52
69
144
146
123
124
118
9
85
146
69
77
4
5
47
45
10
161
0
111
71
50
77
47
25
52
58
150
57
99
31
146
51
134
31
14
9
77
106
47
71
85
126
50
165
106
50
120
13
154
104
166
32
27
13
45
47
164
51
123
162
74
115
37
73
52
9
50
9
30
51
50
146
160
71
85
69
118
35
70
82
146
47
4
128
44
47
47
69
82
77
9
86
47
102
52
50
77
31
0
7
52
119
116
58
23
47
9
27
128
85
60
47
27
37
64
47
99
9
116
27
85
144
164
102
27
134
141
24
123
70
166
105
31
123
47
158
123
0
85
31
9
109
134
146
93
77
80
56
162
106
9
47
108
25
47
47
9
85
44
71
158
111
85
24
150
128
158
9
0
36
9
31
30
24
78
77
72
141
37
77
160
45
63
7
15
115
77
35
124
22
56
47
108
9
164
9
77
138
78
0
44
86
61
134
85
45
85
37
52
158
52
101
117
149
45
98
150
50
52
107
50
120
162
51
31
9
150
77
152
169
19
31
58
31
23
164
17
45
146
47
85
105
116
77
9
57
77
18
144
52
123
47
9
57
44
70
85
50
27
9
69
146
52
123
9
87
9
111
77
93
77
64
63
164
73
111
50
124
150
77
134
44
64
84
49
47
37
93
64
9
119
108
50
9
162
93
52
123
64
59
77
85
52
144
95
9
9
13
77
9
8
108
57
50
9
144
63
9
25
108
31
146
9
9
85
116
123
33
60
24
35
111
50
30
71
37
71
14
82
77
31
146
123
71
9
164
77
23
43
77
82
9
79
104
67
72
43
98
85
61
77
144
9
155
70
0
61
109
37
44
35
31
45
64
44
50
56
85
45
144
45
85
85
77
160
47
37
23
152
123
52
23
77
124
123
71
71
9
152
85
45
57
37
19
124
112
38
59
113
98
32
9
9
102
52
59
150
19
18
34
71
10
77
146
96
77
52
56
47
71
150
44
47
73
77
122
77
7
56
71
74
77
21
31
45
50
9
56
69
166
150
21
144
34
123
50
85
77
64
115
79
31
31
138
47
60
77
75
115
50
94
150
4
47
85
71
16
123
71
127
20
56
15
53
169
56
77
163
109
52
52
160
47
144
148
9
45
77
52
57
73
60
37
31
116
77
77
37
51
77
32
25
23
123
44
9
23
162
35
64
63
13
50
52
58
37
52
85
9
35
9
78
51
35
68
77
150
77
37
73
77
117
111
52
23
52
69
0
9
9
77
27
11
9
37
64
32
77
77
31
108
109
77
44
15
77
98
9
10
51
56
128
90
45
26
128
9
77
31
162
47
68
0
37
9
9
102
150
