45
45
160
45
161
45
161
11
161
14
11
45
45
45
45
162
11
66
15
162
35
42
161
14
162
12
160
45
12
45
12
45
42
162
45
45
42
45
160
162
66
12
162
12
36
162
39
66
160
12
36
15
42
161
35
12
12
162
11
12
66
35
162
6
1
8
9
17
7
7
6
5
8
5
10
17
4
4
5
2
0
16
4
6
0
0
9
17
8
7
4
6
10
2
17
9
2
2
17
10
6
2
10
1
9
6
1
10
7
17
0
9
3
16
2
8
10
16
6
10
6
9
9
2
0
16
7
2
17
140
131
34
131
139
32
129
34
40
139
129
131
140
49
41
40
38
32
44
131
131
49
37
131
43
34
131
131
129
40
130
37
44
129
49
49
129
131
34
38
43
13
49
129
131
38
37
49
131
37
32
37
139
44
131
131
49
34
129
43
129
131
131
139
44
131
40
38
131
129
139
72
73
67
71
89
167
68
74
75
72
67
79
74
67
72
68
74
159
159
69
74
70
70
67
89
73
90
69
169
69
70
159
89
73
72
71
169
70
72
68
74
89
67
67
89
67
91
74
67
90
73
89
74
69
89
74
159
70
71
71
169
90
90
68
70
73
74
91
68
149
76
151
147
134
77
147
133
148
136
77
77
77
147
148
150
147
148
146
136
136
126
147
78
146
133
132
76
149
78
149
150
78
148
76
147
148
150
78
147
136
134
132
150
149
148
147
76
148
134
77
132
149
76
149
76
136
147
136
83
81
85
83
104
80
86
107
142
82
105
84
80
152
88
87
107
105
109
87
87
88
105
107
80
105
107
83
105
87
107
80
105
86
88
108
85
106
109
80
109
104
82
87
82
104
85
108
104
107
85
105
88
81
107
82
142
105
152
85
88
107
152
105
152
85
85
88
142
88
107
87
106
82
108
108
142
82
104
85
85
83
152
81
142
152
82
86
84
106
87
108
83
83
88
142
109
92
96
123
95
154
94
94
128
96
124
154
92
123
96
124
96
128
123
123
123
154
95
127
128
94
124
94
128
128
154
123
128
123
124
124
128
124
128
123
124
94
94
94
124
123
94
125
95
124
128
94
155
154
155
124
124
155
154
155
92
128
96
123
154
124
124
94
94
94
124
124
96
94
123
124
124
154
94
18
21
18
19
24
20
24
24
22
24
19
24
19
19
22
25
23
25
25
20
24
19
25
24
24
20
22
19
20
18
20
24
22
23
20
24
24
19
19
18
24
21
23
18
141
24
20
25
23
21
24
24
143
164
144
166
157
31
30
97
165
157
28
27
143
98
168
30
27
31
29
28
29
157
30
158
168
98
143
30
165
26
26
29
27
144
166
143
26
166
164
31
166
31
143
157
26
144
26
26
30
27
144
97
98
26
97
157
143
144
144
30
97
143
28
157
163
28
97
27
26
28
168
145
102
103
100
99
99
102
100
103
99
103
100
99
101
101
103
100
100
100
100
145
99
99
103
102
114
114
135
116
114
115
114
113
113
135
116
116
112
112
135
116
116
113
112
113
116
113
115
112
115
116
115
114
112
48
48
120
117
111
117
110
121
47
117
110
119
119
111
122
120
110
110
137
121
121
118
120
110
121
137
46
48
110
120
121
46
110
46
47
117
120
137
117
120
137
47
137
120
47
117
122
117
117
110
137
118
110
110
121
170
170
50
55
59
50
63
53
56
62
59
50
55
58
58
55
55
52
63
63
57
62
53
170
50
53
50
59
51
57
62
50
65
60
55
60
170
56
56
52
63
170
52
50
51
62
52
50
62
56
50
63
50
53
50
63
55
64
63
59
64
52
170
59
65
50
57
50
63
170
50
58
61
56
62
52
64
63
62
65
58
58
170
170
56
61
61
58
