11
160
160
160
160
66
160
11
66
42
160
33
160
160
12
160
160
33
12
11
160
160
160
160
12
160
11
66
160
160
160
160
160
160
11
66
33
66
160
160
33
160
160
160
12
160
160
5
3
17
3
16
17
5
1
5
8
17
5
6
4
4
4
6
8
4
17
2
7
16
16
4
3
10
4
3
2
6
17
4
8
5
6
6
5
17
5
5
4
6
6
16
17
5
6
10
4
5
3
4
5
5
17
10
17
3
6
4
10
17
4
6
16
6
4
17
17
17
4
4
3
16
2
6
5
17
6
5
16
3
5
6
10
6
6
4
4
5
3
10
16
3
0
17
2
5
2
4
5
7
5
3
10
2
4
8
5
10
4
4
10
2
0
16
5
6
4
3
4
5
2
8
2
5
2
6
17
2
5
7
5
6
7
16
7
17
17
4
3
5
7
3
7
4
3
3
7
2
7
7
17
10
6
34
41
32
34
32
40
34
40
34
40
40
32
34
70
159
70
91
70
89
70
70
89
70
91
91
89
89
91
70
89
89
159
76
147
126
133
146
76
146
146
147
146
76
134
126
134
76
76
126
147
147
134
76
147
146
126
76
146
126
147
76
148
147
126
146
147
134
148
146
146
126
76
76
134
76
146
147
76
147
147
148
76
148
77
126
76
147
146
147
146
126
126
146
126
126
76
76
150
147
146
147
126
146
147
147
126
147
126
147
148
133
146
146
76
148
76
76
147
76
146
147
150
126
147
147
133
148
126
148
126
146
134
147
136
76
148
147
147
126
77
126
146
147
126
76
126
76
126
126
146
147
126
147
126
76
76
147
126
76
147
126
147
146
76
147
83
107
107
156
107
88
107
85
107
107
107
107
107
107
83
107
83
107
107
152
83
107
107
107
88
107
107
107
156
107
107
107
107
107
156
107
80
107
107
107
142
86
88
152
107
84
83
107
107
83
84
84
88
107
107
107
107
107
107
152
107
107
107
107
107
88
107
107
107
107
88
156
107
107
83
95
155
96
155
155
155
96
96
125
155
94
155
96
96
155
127
155
96
155
96
127
155
155
155
123
155
96
96
155
155
96
95
155
92
155
96
127
96
155
155
155
92
96
127
155
155
155
96
96
96
155
96
96
95
95
96
95
155
95
96
155
155
155
95
96
123
95
155
96
95
125
155
123
93
96
155
96
96
125
155
155
155
155
127
96
96
96
155
96
125
123
155
96
94
23
18
25
20
22
23
23
18
22
22
24
25
24
23
22
22
24
20
20
20
22
24
22
20
22
22
168
164
165
165
28
164
164
143
143
164
143
168
164
143
164
168
143
143
143
164
97
168
164
164
28
168
165
26
165
143
158
165
168
168
168
164
166
168
164
164
143
26
164
143
164
28
165
164
168
26
28
143
29
168
29
168
168
164
166
164
28
165
97
166
164
166
168
168
164
143
28
164
164
164
143
164
164
143
164
166
164
26
143
166
164
28
28
28
165
143
166
164
164
164
166
164
168
168
168
168
143
157
164
164
26
164
164
143
97
168
143
166
143
101
101
145
101
103
101
145
100
100
101
101
101
101
101
101
102
101
145
145
101
101
145
116
118
137
110
118
111
120
118
137
111
119
137
118
118
121
121
120
137
110
118
120
118
118
118
119
118
120
122
110
120
121
118
110
118
120
118
118
118
118
137
52
52
56
52
170
56
52
55
52
50
52
65
56
52
52
52
52
55
59
52
52
56
56
52
56
52
59
52
65
56
52
50
65
52
52
170
170
52
59
52
52
56
170
52
56
170
52
55
52
170
55
64
52
50
50
50
52
52
52
52
56
170
64
52
59
52
55
56
52
59
52
54
65
170
52
50
52
55
56
52
65
65
52
52
65
65
170
55
65
65
50
52
65
55
52
55
52
52
55
52
55
56
50
52
55
55
52
56
59
65
52
53
59
56
64
51
55
