141
153
168
9
11
38
50
141
23
9
15
47
14
141
35
11
13
142
61
153
92
163
95
128
87
11
12
82
11
128
9
102
137
63
143
87
98
137
62
69
98
146
89
163
97
115
38
98
99
50
122
11
34
87
142
170
87
27
35
52
9
11
38
100
27
142
137
69
50
14
47
141
170
11
127
100
111
144
76
55
141
108
9
137
141
9
52
156
89
122
38
108
98
85
111
11
122
134
20
92
156
48
2
105
55
34
18
164
156
98
71
71
144
97
82
131
156
123
87
141
99
22
102
135
134
125
11
111
20
31
138
77
98
153
97
23
162
56
47
155
44
111
99
18
104
31
13
9
35
142
164
137
90
111
134
24
47
76
54
92
9
163
13
9
54
31
141
101
115
60
35
153
134
45
27
112
9
146
111
128
71
9
113
92
27
11
11
159
15
156
156
128
31
48
9
89
15
3
32
110
95
13
98
63
13
22
55
134
128
44
71
131
153
110
156
141
13
6
9
62
111
102
142
128
139
52
98
141
20
45
9
13
1
71
27
168
97
131
156
126
71
13
122
32
9
13
61
111
90
142
37
22
113
129
31
11
18
134
88
142
93
97
116
156
23
141
35
141
153
51
15
50
64
156
112
62
134
150
52
22
81
122
122
18
11
22
12
22
111
47
105
104
47
77
12
20
50
2
66
153
164
151
13
122
22
23
170
164
97
122
45
32
11
40
137
11
144
156
31
157
42
98
131
154
31
38
52
32
156
156
156
47
89
154
154
18
163
13
20
113
31
11
131
52
60
54
55
141
141
20
18
137
157
23
153
117
51
86
71
98
132
27
128
76
141
156
14
144
163
141
141
128
122
47
98
50
100
138
111
170
27
142
163
90
45
23
162
27
11
9
142
111
143
9
15
157
44
77
134
55
128
32
165
141
111
27
88
80
60
128
141
128
154
138
170
29
11
54
100
9
151
79
137
51
142
76
35
111
12
11
89
71
128
9
67
56
151
20
98
12
153
23
142
64
87
15
124
151
170
11
77
9
128
156
87
128
134
141
11
69
38
111
11
86
79
135
22
98
45
18
22
15
37
99
49
9
20
136
35
137
111
102
64
47
22
99
56
11
20
13
89
154
54
20
63
60
128
139
100
128
91
11
116
20
15
126
31
37
9
98
65
137
100
131
128
15
19
80
31
87
156
168
129
22
122
62
123
22
111
77
15
54
71
10
144
62
12
12
156
145
122
156
80
157
16
64
156
139
54
71
23
50
142
168
52
128
99
95
141
164
108
141
22
94
79
71
136
22
20
20
37
98
141
33
13
12
11
9
136
31
50
87
87
2
76
45
20
90
141
22
109
13
47
30
122
122
22
54
156
13
165
156
71
52
13
55
90
11
137
20
153
85
162
156
22
9
161
90
142
22
108
99
99
98
22
55
90
22
128
55
102
77
22
156
98
156
141
23
90
71
122
35
9
122
156
98
18
156
131
156
160
80
99
11
125
79
56
71
170
168
63
159
27
126
1
55
21
108
15
13
31
141
10
163
13
98
142
142
156
170
47
141
20
32
98
32
162
79
115
160
161
11
100
123
22
156
170
99
19
137
77
27
71
2
36
141
108
31
93
13
14
110
156
141
23
168
33
115
71
98
27
134
122
170
30
70
167
22
9
11
67
13
29
22
95
23
22
95
32
170
20
47
122
111
156
156
56
122
11
20
14
156
22
41
111
32
32
123
73
13
15
150
13
170
80
125
141
27
62
39
98
114
98
98
122
87
48
88
14
146
159
63
170
141
98
142
98
71
91
150
84
115
159
95
141
85
22
87
131
56
48
13
12
136
60
92
22
18
98
113
122
77
157
9
156
162
23
72
29
9
77
15
27
13
11
42
97
146
168
131
47
87
134
14
156
103
156
122
23
47
15
9
98
