15
38
162
44
161
35
66
137
37
137
32
36
140
43
130
140
42
36
13
66
12
13
13
12
130
45
44
32
49
11
129
130
33
160
117
161
130
12
15
43
121
40
15
14
13
139
13
4
5
9
9
33
129
32
32
0
139
14
7
44
15
46
48
35
2
139
161
16
37
37
1
33
117
7
16
10
8
66
11
14
36
15
11
122
45
131
16
44
44
4
121
42
8
15
16
6
15
33
7
37
137
6
12
12
1
2
5
38
43
160
8
66
0
3
7
45
38
17
36
4
41
122
35
3
131
17
1
0
36
32
16
49
9
1
35
35
13
7
12
9
129
162
6
41
10
17
131
14
40
9
1
140
32
15
2
32
44
10
2
33
9
45
2
40
7
45
119
17
10
12
9
45
45
3
129
14
66
36
35
6
6
5
34
7
15
43
33
3
44
161
46
7
40
66
122
122
8
66
117
137
66
41
120
44
82
41
43
130
34
43
34
42
40
129
131
129
74
75
72
67
70
74
70
75
72
159
72
69
159
75
70
74
74
70
69
69
73
150
71
57
151
151
22
23
141
25
78
74
132
77
134
56
133
76
57
134
134
56
155
91
21
148
75
132
76
147
126
79
25
24
77
58
141
74
67
74
141
150
72
133
134
57
77
151
79
169
25
149
91
21
22
134
78
78
149
167
91
77
150
141
20
19
57
67
149
89
25
24
136
167
25
153
22
71
169
73
18
67
146
78
75
133
141
76
151
25
91
22
159
133
151
78
24
73
148
133
151
67
159
132
57
22
150
77
78
132
70
148
20
77
77
79
103
24
77
169
78
134
75
61
149
167
151
69
132
134
71
77
105
52
106
152
85
84
109
108
106
60
61
109
107
105
80
106
108
104
58
88
80
109
82
106
82
108
152
156
86
107
82
81
109
109
102
53
82
109
84
109
84
83
84
82
105
142
80
142
106
81
88
82
88
102
105
81
85
105
82
65
105
99
85
88
60
105
107
84
83
88
88
104
106
107
104
95
153
113
124
123
112
95
20
124
112
167
128
155
116
127
116
114
116
113
95
92
124
163
138
123
114
124
135
95
123
123
116
95
94
112
96
127
115
95
126
153
124
116
154
128
95
135
115
95
135
154
124
153
93
150
96
116
93
95
94
125
127
125
154
138
125
116
123
93
153
123
113
93
135
20
126
57
92
125
112
124
153
155
154
123
112
96
114
127
135
135
125
125
153
25
146
18
159
24
23
21
141
141
72
25
21
18
141
71
67
18
79
69
21
79
20
68
77
73
21
168
124
158
27
158
29
157
97
143
27
30
110
30
143
163
122
170
98
142
164
54
168
128
163
164
121
157
30
164
143
165
144
142
117
110
155
166
97
128
95
157
26
144
168
144
28
98
124
168
157
27
28
54
110
143
168
168
158
98
128
164
163
55
144
165
165
98
117
31
54
26
163
164
163
168
165
164
170
28
30
166
163
166
166
112
158
30
157
144
143
166
128
98
31
30
144
120
98
29
170
97
30
165
128
31
28
163
27
64
117
170
166
81
102
103
99
99
101
99
99
99
80
99
103
103
103
105
100
102
145
100
145
145
145
145
114
117
48
118
118
111
48
48
36
117
117
119
120
122
110
47
47
47
120
118
46
119
47
118
120
120
47
137
110
48
47
122
117
122
48
118
119
100
137
119
53
99
58
20
55
151
52
56
53
65
104
150
134
55
51
60
57
51
51
61
50
56
60
61
107
105
52
109
62
101
58
62
56
53
56
54
82
151
59
52
59
149
152
63
109
87
65
50
65
97
63
62
51
58
56
156
102
56
65
170
108
63
65
56
100
54
87
86
58
59
156
58
62
51
51
55
50
105
61
156
24
59
87
151
142
61
59
64
101
65
87
104
58
100
55
50
82
55
60
60
59
156
50
150
62
52
57
108
156
65
50
58
55
151
87
152
60
