77
123
52
4
32
9
105
52
50
9
7
137
9
123
37
45
45
52
77
93
31
123
50
77
85
9
32
52
35
77
9
85
44
77
51
85
85
32
56
91
77
31
57
56
51
123
47
38
56
77
164
111
111
85
52
52
52
52
44
31
4
9
9
152
31
59
47
77
85
14
31
58
50
47
150
85
31
126
77
55
77
103
44
44
77
9
52
81
73
51
122
85
59
85
166
37
31
52
25
123
106
48
7
52
144
15
134
77
52
59
71
71
123
31
59
44
109
123
104
77
52
23
85
123
52
125
35
166
150
93
115
75
13
128
144
23
162
95
34
77
44
31
85
57
105
31
47
9
9
52
144
137
77
31
52
24
32
69
105
124
10
93
47
10
63
95
52
101
115
100
122
146
52
9
28
31
9
27
31
77
71
44
113
124
55
9
9
68
8
85
85
146
124
48
43
68
44
34
9
44
77
45
30
146
111
77
47
50
58
35
71
9
123
38
51
25
47
36
45
77
61
85
52
77
44
47
59
52
24
0
9
9
10
71
52
52
59
44
82
128
71
31
52
9
44
31
77
31
73
85
32
70
113
37
123
9
18
59
83
52
31
61
116
80
23
77
37
71
126
31
9
85
31
103
112
52
52
31
128
77
109
31
51
150
122
71
9
73
164
45
80
104
47
70
44
25
146
15
47
128
95
52
27
144
23
61
52
30
44
31
4
15
0
6
32
44
123
59
29
143
43
52
32
123
31
36
50
47
85
105
105
47
77
146
95
77
163
27
19
113
31
122
39
31
64
61
31
31
150
70
77
44
31
23
124
98
98
86
57
87
72
50
116
71
77
100
35
126
124
56
58
57
14
47
59
31
85
114
164
56
52
59
95
69
37
57
162
52
9
7
59
128
52
9
47
27
9
123
75
52
128
9
93
23
128
52
85
105
102
77
58
148
128
113
111
95
37
31
105
7
58
57
9
105
81
72
122
164
9
119
72
71
77
9
79
23
52
20
47
9
126
23
50
166
85
0
124
77
63
117
123
9
146
59
85
57
59
150
0
23
9
98
47
86
73
93
67
59
45
57
70
15
9
85
36
9
19
69
4
9
158
81
156
111
73
108
77
32
23
51
56
123
85
19
57
99
111
13
59
77
77
9
116
146
47
31
31
37
9
38
98
111
85
45
77
47
50
106
123
104
99
31
9
74
52
144
123
74
31
91
43
31
71
0
123
61
7
12
82
108
31
85
100
31
9
27
106
45
108
71
77
85
52
31
52
71
86
76
53
123
101
56
70
144
71
74
126
68
146
146
15
13
58
9
45
9
27
9
150
123
152
85
87
45
128
45
71
72
50
22
109
111
37
50
52
59
73
54
85
47
93
60
71
85
47
52
150
32
31
75
128
85
162
100
71
9
161
72
64
71
77
85
85
58
71
31
72
90
58
61
102
71
67
85
52
105
50
23
73
71
27
44
9
31
85
58
77
82
117
50
160
152
145
37
128
71
77
75
31
31
85
18
47
128
7
59
21
105
37
9
93
23
15
95
144
56
52
52
99
52
47
18
146
0
44
32
162
71
123
160
161
34
85
123
73
52
58
85
19
32
69
51
134
36
36
56
81
31
93
47
14
51
85
77
77
37
9
115
69
56
60
18
32
52
30
70
77
79
0
45
134
27
123
70
31
23
71
77
4
51
23
44
27
31
99
85
77
164
47
23
14
85
70
7
164
32
44
31
73
31
0
50
59
52
51
125
126
50
52
37
85
123
52
13
45
104
37
85
44
128
56
85
52
128
31
52
30
159
72
31
101
115
73
57
24
85
79
152
9
77
37
47
7
71
85
113
77
18
51
115
9
73
95
10
86
162
150
90
58
37
72
111
13
36
37
7
52
146
31
37
47
104
23
14
85
85
84
45
23
47
117
9
31
