102
55
159
13
141
156
11
156
96
137
128
149
170
82
91
11
9
156
140
89
156
152
169
71
92
40
153
11
40
147
170
122
159
50
27
19
23
137
60
91
29
79
157
147
27
92
105
156
160
105
40
139
22
128
71
142
21
145
22
137
105
13
138
32
55
170
15
118
156
44
88
141
156
36
55
156
90
156
86
150
71
56
123
22
69
141
156
143
77
32
1
151
122
37
137
156
67
137
23
156
80
169
15
156
161
157
115
136
136
89
115
122
151
168
83
141
157
11
137
2
37
141
78
137
156
153
36
105
139
96
99
31
92
169
99
25
110
137
141
116
168
111
136
137
90
32
170
137
23
153
122
152
83
99
166
79
122
130
123
99
45
98
12
101
110
164
35
141
131
125
9
114
9
5
40
153
156
31
113
20
80
108
156
153
128
167
107
13
70
140
14
156
76
137
168
145
131
9
157
15
109
15
156
122
134
71
124
111
137
38
127
156
123
143
124
137
11
97
80
90
1
141
114
37
146
19
170
144
57
22
128
20
99
110
97
159
137
25
153
96
137
17
156
56
159
151
35
4
137
122
35
11
15
142
71
170
136
110
146
13
82
62
100
156
31
62
170
154
92
14
11
167
156
137
71
100
141
97
153
60
82
137
137
154
156
168
140
128
14
11
13
56
55
92
162
89
138
137
90
110
44
76
9
92
134
168
18
15
78
156
69
137
41
22
156
96
47
11
92
35
137
47
167
142
90
13
156
137
156
62
156
31
166
0
131
88
137
116
141
23
13
129
122
155
54
98
13
111
15
50
47
156
15
116
166
156
170
111
156
92
89
24
24
168
159
29
156
143
138
44
111
154
33
142
143
9
83
95
132
164
89
156
128
162
52
9
40
145
23
137
47
38
100
48
71
123
13
85
146
55
26
123
33
15
40
140
116
30
24
67
141
91
24
37
91
15
40
88
41
44
115
71
11
163
22
136
11
53
9
94
9
128
138
151
45
139
108
97
63
156
137
156
11
142
117
62
106
137
141
129
170
158
91
55
156
156
98
162
142
111
9
76
163
156
169
57
27
170
111
20
150
6
129
151
137
99
156
114
76
11
90
154
141
144
105
94
137
9
141
45
169
156
156
93
13
92
96
170
92
9
87
9
143
151
153
90
170
105
150
73
46
85
163
67
153
136
137
170
52
0
137
130
153
88
9
137
101
98
129
162
150
83
92
80
26
23
98
76
144
154
9
34
168
153
32
13
100
51
91
38
13
62
47
57
82
155
96
9
9
60
135
31
2
105
159
137
49
168
143
71
45
169
14
142
128
168
164
154
95
122
117
56
22
139
141
63
32
136
64
74
91
35
62
156
52
76
137
9
155
76
15
83
108
137
35
49
111
131
134
66
71
156
63
122
168
131
87
87
136
12
35
131
20
99
164
142
57
141
124
124
71
67
9
156
85
49
62
40
19
124
138
35
88
31
117
49
11
13
102
156
82
53
19
57
11
22
12
56
23
153
141
151
149
170
136
95
49
137
73
57
110
144
15
108
71
67
124
141
168
6
50
9
141
90
111
158
21
56
140
163
98
107
136
170
115
75
54
31
138
137
141
20
79
115
57
94
62
1
110
100
76
7
92
76
96
20
62
140
151
169
136
141
29
109
156
62
13
110
157
91
44
137
69
87
53
90
54
15
97
116
167
128
9
55
159
131
20
56
92
45
42
23
15
129
156
83
37
27
62
170
131
13
156
12
11
17
56
55
49
68
62
98
70
137
159
50
168
111
87
23
170
22
49
12
38
153
137
137
12
35
47
12
127
156
111
52
87
136
140
2
113
62
9
3
12
62
154
69
137
168
150
137
128
168
162
137
167
11
130
9
9
145
73
