79
56
57
57
60
64
57
59
50
71
57
58
50
60
52
32
57
56
9
9
9
50
57
60
128
50
9
51
57
57
56
71
9
52
56
32
126
50
85
50
52
71
32
13
32
57
59
32
98
57
64
57
144
32
36
57
77
50
32
51
32
56
13
50
60
32
57
56
52
50
57
50
45
32
56
32
52
56
32
50
60
57
35
50
57
51
60
71
58
52
9
60
59
57
57
50
51
128
52
87
56
31
9
15
15
32
32
50
51
57
52
54
52
32
108
52
50
31
95
56
58
32
9
50
15
87
126
32
60
79
9
61
50
35
56
79
58
60
60
108
57
71
56
56
64
32
50
56
50
64
146
56
146
9
57
45
32
56
71
32
60
50
57
50
60
79
56
15
71
79
35
57
52
58
50
54
9
60
57
60
58
98
13
64
57
9
56
57
56
126
57
32
32
32
15
146
9
13
32
52
9
52
50
60
50
32
79
32
56
61
60
57
58
57
98
58
50
50
50
71
150
50
15
56
57
60
51
64
126
60
38
146
71
51
35
9
32
57
59
51
36
57
32
50
9
50
77
56
52
64
60
50
50
71
64
51
15
9
35
33
50
52
52
79
57
128
35
57
9
50
32
52
9
71
57
126
35
45
51
64
32
51
52
52
71
13
98
57
36
77
51
56
57
57
50
61
50
126
57
98
60
32
51
59
57
126
57
60
52
9
108
59
32
32
50
57
57
50
64
50
57
9
86
60
50
71
57
64
52
32
57
108
54
57
85
52
9
57
57
59
51
57
32
52
57
9
50
32
128
56
9
60
50
51
63
32
52
45
52
85
85
50
50
71
52
60
51
126
9
32
150
35
57
71
56
51
71
32
126
57
61
71
71
57
126
32
61
57
9
60
9
57
122
51
50
51
59
56
9
57
32
58
82
71
52
57
128
32
50
122
60
13
57
9
31
57
32
32
50
32
71
32
60
51
9
37
126
57
51
57
50
34
60
108
9
60
64
71
56
57
60
9
57
32
52
64
59
59
60
32
57
32
60
50
32
51
50
32
77
57
51
52
60
50
64
144
51
64
57
98
32
35
35
144
32
57
54
50
79
54
9
58
61
37
52
57
54
15
45
71
56
126
146
9
52
50
13
64
60
57
52
77
71
98
126
9
51
32
32
128
56
64
77
69
57
128
57
71
9
60
58
126
35
32
50
56
51
71
52
59
61
57
34
57
37
64
50
126
15
50
71
51
146
32
57
54
50
32
150
32
59
36
59
57
32
126
59
37
15
57
59
50
128
159
51
58
50
50
57
45
50
32
60
50
60
57
61
57
50
51
51
50
98
50
9
13
32
32
32
52
32
60
50
9
98
54
61
13
128
9
32
71
32
61
51
71
61
13
60
45
60
51
57
60
51
58
45
57
60
71
35
35
50
57
32
32
32
57
57
50
71
98
50
64
13
64
50
50
52
60
32
57
50
52
79
50
61
60
31
60
64
51
51
51
60
50
150
79
51
57
50
50
52
51
15
128
59
54
60
59
58
57
57
50
51
9
9
57
56
50
98
60
56
50
52
13
59
60
32
9
51
56
63
59
15
60
71
9
59
57
57
123
57
58
13
58
9
60
56
108
57
32
15
108
35
60
36
32
9
51
50
57
45
51
50
126
35
27
50
59
51
32
60
60
32
60
59
32
60
50
60
59
7
15
32
60
57
52
60
60
50
71
79
59
59
60
50
126
51
35
57
35
60
9
32
64
71
71
126
146
50
15
9
50
32
32
60
7
50
52
9
32
61
51
50
51
51
51
50
126
61
85
15
32
57
32
60
13
13
60
56
32
32
9
51
50
126
64
57
57
52
32
60
58
60
50
61
59
52
57
57
108
58
60
50
50
60
52
58
38
52
56
13
60
71
32
57
128
50
57
51
64
98
57
9
71
32
9
52
9
54
57
32
51
98
