63
64
18
47
24
81
45
85
77
47
56
95
98
64
77
9
9
85
44
76
81
102
71
52
158
45
77
9
44
77
123
45
141
123
52
146
141
52
85
78
144
79
31
52
63
27
80
84
160
108
36
38
24
98
76
52
77
102
79
47
99
9
114
15
117
62
144
158
52
42
52
124
50
0
111
104
69
82
52
77
71
77
113
79
79
150
53
77
73
161
7
54
9
161
9
85
79
117
23
99
105
70
37
85
161
27
115
77
71
77
77
31
77
144
56
128
31
47
98
45
34
52
71
119
85
123
13
83
13
123
105
123
27
70
85
23
27
117
19
116
50
30
56
47
90
44
77
52
23
77
35
80
105
85
27
68
128
9
98
106
45
31
45
60
47
77
37
19
37
125
37
123
9
35
37
77
104
77
113
71
105
85
50
123
37
78
86
9
77
45
14
105
134
117
50
99
13
9
31
46
60
32
52
0
63
59
164
30
98
15
96
100
123
46
98
13
45
146
88
73
35
150
113
14
128
61
27
77
23
79
158
77
104
98
144
69
47
146
93
164
118
9
85
78
69
77
4
5
32
45
10
161
0
98
71
50
77
47
25
63
58
57
52
99
27
146
64
134
144
14
9
77
106
47
71
85
77
50
165
106
50
98
117
123
83
64
32
98
13
45
47
31
31
123
162
78
115
117
73
63
66
57
9
27
51
64
52
160
90
85
90
118
9
70
152
77
47
4
165
44
117
47
90
63
76
9
86
47
99
63
77
123
27
35
44
52
119
116
54
141
120
13
27
128
85
150
47
124
37
64
47
106
12
116
98
85
144
158
102
144
133
141
24
123
70
166
85
128
123
118
30
123
9
85
31
9
109
141
146
123
77
80
77
162
106
9
42
108
23
119
47
9
85
117
71
158
158
85
24
54
164
158
37
0
13
9
31
30
24
77
77
91
141
37
77
160
37
63
44
15
115
77
35
124
22
77
117
108
9
31
9
77
138
78
10
44
108
62
77
85
45
85
32
98
144
63
108
37
77
45
98
27
77
52
107
54
47
162
64
31
9
150
77
152
169
19
27
58
128
23
144
17
45
146
47
85
105
116
77
9
150
77
18
98
59
123
47
9
134
37
77
85
50
27
36
69
123
52
123
9
87
9
111
134
93
77
64
63
164
79
119
54
123
57
77
77
44
64
84
49
47
37
93
98
9
13
108
57
36
162
123
63
113
64
144
77
85
61
98
95
9
15
37
77
9
8
104
76
150
9
98
63
9
25
108
128
146
45
9
85
116
123
15
60
24
49
111
59
30
71
37
71
14
82
77
31
146
123
71
45
144
77
23
43
77
109
9
79
104
67
72
43
52
85
63
133
31
9
155
73
0
52
109
117
44
13
31
45
64
44
50
57
85
32
30
9
85
85
150
160
37
37
23
152
123
52
23
77
124
113
71
71
9
152
85
38
57
37
146
124
112
122
59
113
98
32
9
9
102
61
50
150
19
18
49
71
9
77
146
96
77
59
51
47
79
77
44
31
73
77
117
77
38
79
77
74
77
21
28
15
64
9
77
69
30
77
21
144
38
113
77
152
146
52
115
90
95
144
138
144
63
77
75
115
57
127
52
4
31
85
71
7
123
71
127
20
77
9
77
169
93
77
93
109
111
52
160
98
144
128
44
45
77
60
57
77
60
117
127
116
77
77
37
64
77
32
23
150
113
44
9
23
162
36
64
63
37
50
146
63
37
63
85
9
35
45
71
64
35
159
77
150
76
117
73
77
117
111
52
141
52
69
0
9
9
77
31
117
9
37
98
32
77
54
31
108
109
77
44
32
77
98
9
15
31
52
123
90
45
166
123
117
77
31
162
47
68
45
37
9
9
102
150
