45
45
160
36
161
15
161
11
161
79
44
45
66
35
39
14
41
66
15
14
35
34
161
14
162
66
160
35
36
35
66
15
45
162
13
9
40
34
160
162
42
36
162
66
36
14
39
66
160
36
36
15
13
160
35
39
42
162
11
12
44
11
162
6
1
8
15
17
7
7
6
5
8
5
2
2
4
4
5
1
0
16
1
5
0
0
6
3
39
3
15
6
10
5
17
6
1
5
17
36
17
17
9
1
16
4
1
7
10
17
1
3
15
17
5
3
4
16
12
45
15
6
9
8
0
3
0
2
17
140
41
34
130
139
32
44
34
11
139
131
43
131
38
13
37
38
32
137
140
14
34
38
130
44
140
140
40
129
139
130
49
44
129
129
49
129
140
34
43
43
13
49
43
40
38
129
49
131
42
32
37
131
38
140
32
130
34
43
43
130
13
131
131
129
129
41
110
140
140
49
72
169
159
71
71
71
68
69
73
72
167
79
169
159
72
68
71
74
141
69
69
75
167
67
89
73
90
69
22
69
167
159
89
75
72
71
169
89
167
68
78
79
67
91
133
167
91
74
73
79
73
90
74
69
90
75
23
75
68
75
169
90
79
68
70
73
69
91
68
133
76
151
147
150
77
133
134
148
136
95
95
150
167
146
147
148
95
146
136
136
126
133
147
146
89
147
76
134
76
78
149
77
76
167
148
141
78
78
78
136
134
57
150
149
77
133
76
126
151
77
126
148
76
149
78
136
147
79
85
81
85
83
156
80
86
86
59
82
105
84
83
105
88
85
82
86
80
87
157
105
152
99
80
83
104
105
109
87
107
80
109
86
54
104
85
106
86
106
104
104
82
165
82
86
85
108
104
102
83
109
80
106
100
82
88
109
152
109
142
107
152
99
105
108
80
142
81
54
84
87
80
82
107
108
82
82
82
85
105
83
152
83
88
152
82
60
109
157
87
85
80
83
170
98
109
96
95
153
95
125
96
123
128
153
92
125
153
93
153
124
96
128
164
95
93
154
95
92
128
127
124
155
128
29
93
93
164
123
155
124
128
95
128
163
93
94
96
92
92
153
92
125
154
124
128
96
154
95
155
93
95
155
94
155
92
27
96
95
95
124
95
94
154
127
163
31
78
153
127
163
93
154
92
18
24
18
19
24
24
141
21
169
25
19
24
19
19
22
25
23
25
21
24
24
132
25
24
24
24
22
19
20
18
25
24
169
23
22
20
21
19
19
18
23
23
23
21
141
21
20
25
23
21
23
21
143
164
144
144
157
164
30
142
165
157
30
158
98
98
110
166
27
31
165
29
29
164
158
88
54
98
98
30
165
165
166
29
144
168
166
28
30
30
31
26
158
143
143
157
97
158
28
30
143
27
26
54
98
27
144
30
168
164
98
30
59
143
143
27
158
157
87
111
27
26
29
145
102
102
101
85
99
99
156
145
100
156
99
109
101
101
101
83
100
109
99
101
100
85
108
145
114
115
135
116
114
115
113
113
154
138
138
116
112
154
135
138
116
113
154
93
116
154
138
112
115
138
115
116
112
48
120
111
118
111
111
144
46
47
111
110
122
111
111
122
46
110
137
110
121
120
118
120
137
121
37
121
48
119
120
121
48
119
46
165
117
120
47
119
121
119
119
13
54
122
47
122
47
110
47
119
118
12
111
117
170
55
151
62
58
53
62
53
56
60
54
60
27
134
58
170
97
50
54
58
57
60
58
51
53
59
51
134
63
146
62
50
88
58
55
60
170
58
53
53
65
170
52
50
51
62
51
50
62
56
170
64
50
56
108
63
97
64
53
108
64
52
142
59
86
53
134
134
62
64
57
58
61
56
53
52
64
65
51
63
62
58
54
51
56
61
56
134
