77
77
60
146
50
98
146
57
150
77
146
57
57
60
60
122
146
150
111
122
111
146
146
60
98
54
122
60
146
146
146
146
122
54
50
122
98
146
60
126
98
146
111
111
111
126
50
122
98
57
122
126
126
122
111
146
126
77
122
60
122
77
98
150
60
111
146
150
98
57
146
146
122
122
57
111
146
57
111
98
60
126
111
64
146
64
54
146
146
98
122
57
77
146
146
57
51
123
98
64
77
98
111
122
122
122
111
134
60
77
56
98
146
111
50
98
111
98
128
146
150
122
122
126
122
60
123
98
50
77
111
50
57
122
60
146
146
57
57
60
126
77
77
77
98
122
50
77
126
98
60
123
126
122
77
111
111
98
146
111
60
146
54
60
57
146
126
122
77
146
122
54
54
98
77
98
122
60
126
60
57
111
98
117
95
111
146
126
77
146
128
122
98
98
122
126
111
122
122
64
111
50
98
60
98
122
77
122
146
126
57
123
51
146
111
60
64
50
126
77
98
98
122
60
146
60
64
98
128
50
47
98
146
98
122
122
122
77
98
98
111
60
122
60
111
146
126
50
64
98
57
98
150
77
122
122
111
111
111
122
126
98
64
146
150
126
111
146
117
98
111
98
111
77
126
126
117
122
122
98
122
98
98
98
146
111
111
146
111
95
98
150
126
123
54
146
146
146
126
98
60
117
54
60
126
123
126
60
54
111
60
64
111
117
146
77
146
111
122
126
146
122
54
60
146
146
146
98
54
122
60
57
98
128
60
64
111
126
126
146
54
126
111
122
77
111
98
111
126
146
122
54
50
54
98
111
98
122
57
54
54
98
54
77
54
57
98
126
122
122
126
111
77
126
98
77
146
111
98
77
77
77
150
146
126
122
146
126
111
60
111
146
122
98
146
61
57
77
111
126
111
60
60
146
122
126
128
122
98
98
60
98
77
111
126
54
122
111
146
111
77
111
60
146
111
98
126
146
98
77
77
111
60
50
111
64
111
146
50
150
54
111
77
111
54
64
146
77
50
122
146
122
60
57
111
64
54
122
126
126
98
54
57
126
98
98
54
50
63
98
111
111
122
98
122
126
111
126
77
98
111
54
54
98
64
60
111
122
122
77
146
128
126
111
98
111
98
98
57
123
64
126
77
122
128
122
54
122
111
31
150
98
146
77
126
123
64
77
111
57
58
144
122
111
54
126
98
77
77
57
146
77
111
77
122
111
98
123
122
146
77
50
146
98
146
111
146
122
126
122
146
111
77
77
122
98
146
111
122
146
60
77
126
146
64
50
50
77
126
111
98
98
60
77
60
77
150
126
77
64
54
54
111
60
122
98
122
122
122
98
122
50
126
122
64
122
146
98
31
111
111
146
122
57
98
146
98
111
60
111
54
146
146
60
64
126
111
146
57
146
122
122
126
77
122
111
122
150
146
146
77
98
98
98
122
54
77
98
98
50
122
146
50
98
146
57
126
60
98
50
111
54
60
98
50
77
150
77
98
150
77
57
54
57
122
128
146
98
60
64
98
126
64
98
98
122
122
146
146
57
98
50
126
77
54
98
77
54
122
47
57
146
54
146
122
50
77
122
50
126
146
126
146
60
98
98
111
50
128
60
77
122
122
60
122
60
122
111
122
98
50
146
122
98
77
98
111
98
57
64
98
111
60
60
98
60
98
122
60
54
60
60
111
122
122
60
146
77
57
60
98
146
77
64
60
60
50
95
98
122
77
111
64
122
122
98
77
146
126
126
126
122
111
150
98
122
60
122
57
54
122
122
146
98
57
98
98
54
77
126
146
54
122
122
146
111
50
122
111
60
98
98
122
122
64
54
126
98
146
123
98
122
60
60
60
54
98
60
146
77
146
60
98
54
57
77
60
54
77
98
64
146
98
60
146
111
60
126
54
146
98
98
98
60
117
77
122
122
54
122
111
60
98
111
111
