61
61
89
59
61
86
61
86
61
75
61
61
61
72
25
4
59
89
60
75
61
75
25
75
72
61
59
59
61
25
0
59
59
59
9
60
9
86
9
61
89
59
61
61
61
4
75
60
89
60
61
89
74
25
60
86
59
59
89
72
9
61
2
59
73
61
59
89
4
89
61
59
61
59
89
75
59
61
9
4
86
75
89
25
9
75
25
61
72
4
61
59
89
9
61
60
61
72
60
61
61
89
59
60
60
61
72
89
9
75
60
25
60
60
61
86
4
61
59
61
61
59
61
89
72
9
86
75
61
25
86
61
9
9
89
8
61
60
61
89
61
75
9
60
89
59
61
25
4
59
25
2
4
9
9
61
60
89
89
75
72
72
73
9
59
4
86
4
75
86
89
61
9
61
25
86
9
60
9
9
41
44
41
44
41
42
41
44
41
41
97
99
99
41
41
41
42
70
70
70
70
70
65
65
70
67
70
70
70
71
66
70
70
65
67
70
80
36
80
82
24
24
82
24
24
24
84
24
36
80
23
24
80
6
82
80
84
36
80
33
82
33
80
58
80
24
84
24
24
24
33
24
24
82
24
23
80
80
33
24
22
23
24
82
24
84
24
24
34
24
23
24
24
80
23
82
80
24
84
80
24
80
24
84
36
80
24
80
6
45
24
33
6
58
23
22
24
80
24
24
24
24
34
23
24
23
24
22
24
80
34
23
24
23
24
24
80
33
24
33
82
80
82
24
24
82
23
82
24
22
36
22
58
21
82
84
80
36
33
23
24
80
24
33
34
24
80
24
34
24
58
24
24
33
80
24
80
58
34
82
24
24
80
80
84
80
6
22
82
80
24
24
24
24
24
84
24
84
80
80
80
91
46
96
46
46
96
46
46
10
96
91
46
46
46
46
46
46
46
94
46
46
96
46
92
92
91
46
91
91
91
96
94
92
91
96
94
91
46
94
46
46
96
96
46
46
91
91
91
96
91
46
91
10
46
94
92
46
91
96
96
96
96
96
46
91
46
96
92
10
46
96
46
46
94
96
46
46
46
46
92
10
10
91
94
10
94
46
94
91
46
91
96
10
96
94
96
96
46
96
46
94
91
91
46
55
78
55
55
55
11
11
55
55
55
78
55
55
54
55
11
50
50
78
54
54
54
55
55
55
11
57
11
11
11
78
55
55
55
11
78
50
11
11
54
55
55
78
55
55
54
78
11
52
52
55
78
53
52
77
78
55
11
78
11
11
55
52
78
50
11
57
55
77
54
55
50
11
77
57
57
77
55
54
57
55
13
48
13
49
49
49
13
49
13
49
49
49
49
49
48
49
13
13
48
13
13
13
49
49
64
1
19
15
1
3
85
1
3
83
3
3
85
1
3
85
19
5
15
19
64
15
3
1
3
19
15
1
64
64
15
15
5
83
19
1
85
7
16
19
18
19
19
15
18
19
5
15
85
1
1
85
85
19
63
5
64
7
1
19
19
63
19
1
85
64
19
63
63
85
19
85
85
1
19
1
15
63
15
15
62
15
1
63
19
1
1
19
19
1
18
1
7
5
19
64
64
1
64
5
19
1
7
15
85
15
19
63
1
19
64
85
85
1
3
1
1
19
83
15
15
63
19
83
1
3
19
15
3
20
1
1
64
63
19
19
19
83
1
63
19
18
19
63
62
15
3
3
19
1
19
1
18
5
1
15
15
83
85
64
1
19
63
7
63
19
1
64
19
63
19
3
15
85
3
18
1
5
3
83
1
63
64
63
15
18
19
1
85
19
1
3
64
7
85
1
1
19
19
1
15
85
1
63
64
63
19
5
85
83
1
63
19
85
85
15
19
20
19
85
1
5
63
1
3
3
63
63
19
19
1
18
18
19
85
19
19
83
15
19
64
15
85
85
3
64
1
3
1
28
28
27
32
29
32
29
30
30
27
28
51
28
30
28
30
30
32
30
30
28
31
28
30
30
28
32
32
32
28
28
29
30
32
32
30
30
30
40
38
81
40
40
90
38
38
88
40
79
39
90
40
81
81
40
39
40
81
81
37
38
81
37
79
39
40
81
90
40
90
37
79
88
90
40
81
37
38
40
40
79
37
40
40
90
88
88
40
90
40
39
90
90
39
81
35
79
88
81
40
40
40
37
35
40
79
81
37
40
79
37
40
38
35
88
37
39
40
40
38
40
38
39
81
81
81
79
37
40
35
40
40
40
40
90
38
37
39
38
37
81
40
81
37
37
90
37
88
90
79
35
88
40
37
38
79
40
81
38
90
37
