82
82
6
61
77
61
28
55
82
36
20
77
96
82
29
97
97
22
79
28
70
97
55
6
19
93
70
57
82
96
96
6
82
55
61
20
79
6
82
24
82
6
88
97
70
71
44
6
82
82
79
25
22
57
96
24
20
97
57
29
82
96
29
64
20
55
75
6
96
96
20
98
77
77
82
77
6
82
6
96
57
70
28
55
36
55
97
47
86
55
28
77
22
81
96
77
82
82
57
86
6
75
97
17
97
16
32
82
6
77
29
20
82
97
75
96
82
82
29
82
36
6
44
6
82
6
81
70
81
36
71
96
77
81
83
47
96
75
37
96
82
20
70
82
96
19
96
82
47
82
77
22
82
79
75
22
97
36
6
96
20
82
97
6
82
20
82
79
82
6
6
20
36
82
20
6
77
62
97
20
75
96
66
19
6
36
97
79
6
75
82
82
97
99
79
82
79
81
82
6
86
97
6
73
97
82
96
6
81
25
55
79
58
55
28
6
55
82
88
96
50
37
22
79
97
6
1
97
55
97
73
6
73
22
28
79
19
97
55
97
82
55
96
96
96
96
97
52
82
36
6
75
20
55
44
29
96
82
37
6
6
82
97
61
74
16
79
97
88
97
82
96
38
37
20
29
36
36
97
82
20
82
6
22
75
22
20
16
25
6
82
97
96
97
97
36
96
70
37
82
75
57
55
19
97
20
23
97
29
70
61
82
16
29
6
98
70
96
20
77
82
20
6
77
70
82
28
98
20
6
82
98
97
20
22
97
71
29
77
44
82
88
55
28
97
81
20
61
55
20
88
73
6
6
6
22
72
79
28
82
48
20
86
55
77
6
77
77
32
96
96
61
84
70
6
97
82
77
77
81
77
79
82
77
75
64
32
80
93
6
96
71
22
6
6
36
61
82
82
58
32
6
96
82
55
6
97
77
22
79
86
6
75
28
44
79
77
16
6
6
16
67
99
96
20
6
28
6
97
82
82
75
69
55
6
97
77
6
55
20
79
40
96
82
96
96
70
6
1
82
77
57
73
96
96
61
84
55
6
44
96
97
96
70
57
77
36
20
77
19
70
97
28
72
82
82
96
69
82
82
22
98
97
36
79
70
96
97
59
82
6
77
82
82
77
52
88
96
70
96
99
6
55
82
73
96
6
96
6
6
70
22
61
22
73
0
6
79
97
19
82
29
96
6
57
55
64
20
82
20
96
96
82
82
20
73
82
96
25
82
59
57
86
6
25
20
96
96
6
71
96
79
28
82
36
55
6
82
82
82
6
82
96
6
6
82
6
20
97
77
20
25
82
20
98
96
6
93
36
6
82
6
55
55
6
97
58
97
82
20
96
97
57
75
96
6
6
55
97
6
82
6
96
97
96
6
19
28
67
82
97
6
79
97
16
16
82
20
82
58
75
47
97
77
97
32
82
6
77
79
79
73
82
6
52
6
6
6
79
22
38
6
82
82
20
81
36
77
98
55
96
82
82
55
36
6
6
77
22
97
96
96
6
81
79
6
6
6
20
36
44
79
22
82
20
96
82
70
82
97
98
82
82
96
82
79
55
55
61
75
97
6
96
6
36
6
36
96
6
82
96
25
6
22
97
6
44
82
22
6
6
96
6
96
82
82
6
24
96
82
87
96
96
96
20
82
96
58
82
82
81
6
82
82
79
36
66
6
97
96
30
96
82
82
82
78
20
97
6
82
29
16
99
97
6
20
82
36
99
97
19
86
77
6
82
96
24
97
77
6
6
77
36
6
6
20
25
57
22
6
77
40
24
86
96
20
6
20
30
73
61
98
82
79
44
79
44
47
70
6
6
6
77
20
77
86
32
81
6
6
77
22
6
82
20
82
86
20
82
96
36
97
96
37
55
97
57
6
6
6
55
6
6
96
79
20
6
97
6
57
98
6
6
57
37
96
77
82
82
20
55
6
82
88
82
77
70
6
50
73
6
20
82
82
70
82
73
6
20
96
36
96
70
82
75
71
20
28
96
6
96
20
79
19
96
75
6
67
77
55
6
20
97
79
6
36
6
20
82
82
6
20
19
97
82
82
70
70
22
82
20
98
79
96
55
36
22
82
75
6
32
82
20
96
81
6
96
67
96
96
61
77
55
96
81
36
55
55
20
20
96
36
86
67
6
28
97
77
96
19
6
98
6
81
73
96
55
70
61
83
25
61
55
77
40
97
96
6
6
29
82
82
6
6
82
77
6
82
96
82
30
30
6
97
44
57
77
55
73
6
38
24
97
6
79
37
1
82
36
82
