11
6
6
96
77
58
96
57
94
94
17
77
96
82
99
97
97
96
88
28
70
96
25
24
70
75
70
59
95
96
96
6
96
58
97
88
47
6
50
24
81
88
20
96
96
11
87
6
82
79
79
98
22
66
96
9
20
96
56
29
88
96
15
20
20
56
28
6
96
96
88
75
75
77
28
77
25
82
6
96
57
70
96
73
82
57
96
48
86
77
28
75
46
96
97
77
82
82
57
72
6
77
97
70
96
16
28
36
82
77
15
96
82
1
73
96
82
82
40
96
96
82
45
24
97
28
79
70
79
77
11
96
77
79
19
48
96
77
96
70
82
20
70
82
96
79
96
82
47
48
77
24
28
77
71
22
96
64
57
70
19
94
99
24
82
58
82
98
58
77
25
58
36
82
20
50
77
45
15
17
93
70
88
19
25
36
97
79
82
77
28
96
97
15
79
82
79
81
24
24
77
97
79
73
96
82
96
51
28
98
25
85
57
25
28
57
96
82
88
96
87
40
22
77
96
82
17
96
57
96
70
25
28
20
55
96
19
96
70
96
56
25
96
96
96
96
97
19
96
96
82
77
20
55
87
99
96
64
79
24
6
82
96
97
70
16
79
96
88
96
82
70
88
98
20
40
63
94
96
82
20
82
81
24
77
20
20
85
25
24
96
96
96
97
98
96
96
70
96
6
77
56
28
57
97
19
77
97
20
70
96
94
96
32
77
98
96
70
95
77
94
20
82
17
96
51
97
96
20
58
82
98
62
20
22
97
70
97
77
1
25
88
57
89
96
81
20
96
57
88
88
70
6
57
18
22
9
79
28
82
47
19
93
57
77
6
77
77
32
96
96
97
24
70
77
96
97
77
77
28
61
79
82
77
77
64
28
80
77
58
96
70
20
82
36
96
96
70
52
19
96
18
96
36
56
45
97
77
20
79
25
77
77
28
45
79
77
16
6
6
16
56
99
96
20
96
28
6
15
82
82
97
56
25
77
96
77
24
58
20
98
40
96
99
96
96
70
6
17
56
70
57
70
94
96
96
84
57
25
87
96
97
96
70
57
77
82
88
96
88
16
97
97
71
82
25
96
96
48
48
20
96
96
82
81
70
96
96
57
82
58
77
82
82
77
88
88
96
70
52
97
25
52
82
89
96
25
96
36
6
70
22
97
76
75
96
24
79
97
19
96
97
96
6
57
53
70
88
82
99
96
96
79
79
20
73
82
96
25
82
58
57
77
18
25
22
96
96
57
45
70
79
28
82
94
55
45
82
98
82
25
82
96
77
58
58
77
20
97
77
20
25
94
20
98
96
6
77
47
50
94
6
56
57
82
97
58
97
82
62
96
97
57
77
96
94
6
57
96
6
6
57
96
96
96
58
58
28
57
82
96
25
88
96
16
16
20
16
36
58
1
49
96
77
96
28
20
6
77
77
79
75
20
25
11
94
25
6
79
87
98
6
96
77
96
57
77
77
98
55
96
82
25
25
36
6
82
77
20
97
96
96
82
25
77
25
96
58
20
82
96
75
22
36
19
96
82
96
58
97
98
65
82
96
79
98
57
57
20
73
96
25
96
89
70
6
96
96
6
77
96
25
20
95
96
6
44
82
20
6
79
96
57
98
84
77
82
25
96
81
87
96
96
96
15
82
96
88
82
94
79
19
82
56
79
36
88
77
99
94
28
96
24
82
82
70
20
96
18
48
37
70
97
96
94
19
96
64
99
57
77
98
79
6
54
96
25
96
77
58
6
77
20
57
6
77
25
57
96
25
77
62
25
25
96
15
20
19
88
75
11
98
11
79
1
99
45
48
70
77
6
55
77
20
73
70
32
79
28
82
77
22
24
82
48
94
25
88
53
96
94
97
70
98
25
20
57
24
20
94
25
82
58
96
85
22
45
96
28
56
98
45
24
57
98
96
75
96
82
20
58
25
82
88
82
77
97
6
22
70
24
22
82
82
71
84
73
18
20
98
36
96
70
82
73
70
20
97
96
6
71
94
77
20
70
75
6
70
77
57
58
20
97
79
82
94
6
19
82
28
25
20
19
97
48
96
96
70
20
82
88
96
98
70
25
77
96
6
97
25
97
25
20
70
79
88
96
95
96
98
59
77
25
96
57
98
25
56
17
99
96
77
25
77
57
45
97
77
96
20
82
63
19
96
70
96
57
71
96
58
96
96
56
77
29
96
70
96
6
29
82
96
6
25
82
77
82
65
96
82
45
28
6
97
97
57
77
99
52
25
40
24
97
58
77
46
16
82
48
94
