62
43
87
91
62
8
43
86
60
75
43
61
97
72
28
76
86
74
8
2
62
59
5
77
67
42
77
59
41
25
44
73
2
2
24
74
57
86
24
73
90
75
62
41
43
6
75
97
73
97
97
67
74
25
26
98
2
81
87
11
28
60
2
57
73
60
55
89
91
72
72
75
59
74
73
77
73
62
32
77
86
2
28
25
9
74
8
61
72
4
0
74
89
24
43
78
73
72
60
61
41
72
73
28
60
74
89
0
86
74
74
9
87
72
62
86
4
60
75
43
99
59
42
89
72
92
8
75
61
81
86
68
8
8
66
9
97
44
60
70
61
74
25
60
89
87
86
45
33
72
72
81
4
57
8
26
95
66
73
75
73
71
72
9
61
2
60
7
2
86
89
61
8
60
57
60
43
78
67
24
41
43
41
44
43
42
99
62
8
28
41
44
42
43
42
99
41
69
67
69
11
68
67
67
68
68
69
11
71
71
67
68
71
67
67
70
36
36
94
80
87
82
82
9
78
24
54
5
47
82
23
3
80
93
82
32
50
49
46
37
82
4
80
91
80
79
84
51
25
54
32
23
53
36
45
21
94
35
33
22
22
36
36
51
91
23
50
22
81
21
21
3
76
39
22
52
80
7
22
34
6
80
7
50
48
94
6
82
6
45
24
33
5
91
22
50
51
80
6
31
34
33
93
84
84
23
93
23
82
47
45
33
81
48
24
30
34
47
24
58
84
80
36
81
24
5
10
34
84
20
46
50
33
23
80
54
80
94
77
23
50
34
8
91
30
80
81
6
6
79
58
45
58
2
35
54
33
92
34
36
52
50
46
30
31
31
93
22
51
34
31
53
7
32
34
85
34
84
35
27
80
30
21
96
63
10
95
33
76
96
95
91
36
10
92
10
97
96
94
21
82
46
96
23
91
92
93
46
78
7
91
43
92
4
93
66
93
92
33
51
94
21
97
41
76
48
77
36
93
96
7
51
7
21
47
35
82
94
91
86
10
28
96
97
46
33
51
98
36
96
36
70
10
47
94
97
51
21
10
51
51
21
92
4
36
98
36
47
51
92
48
34
72
21
96
95
96
61
64
61
51
51
76
31
46
55
76
57
55
55
71
66
58
90
57
78
68
59
52
91
11
50
50
78
52
56
52
55
81
62
65
55
87
11
11
77
57
54
57
88
64
50
11
87
56
56
7
93
65
56
54
78
84
52
52
55
38
24
52
79
88
56
87
49
87
65
7
52
64
52
74
57
53
0
54
58
50
67
77
56
53
59
66
54
56
54
48
14
88
49
46
49
12
48
85
48
15
21
46
10
46
46
12
49
48
49
14
12
48
49
78
44
19
42
17
2
16
99
93
13
3
81
16
44
3
20
50
5
70
12
0
87
57
59
3
12
42
16
78
46
16
95
34
83
88
16
83
32
70
20
48
19
64
41
65
58
24
12
85
41
42
85
85
58
23
5
0
3
73
1
16
63
58
45
16
78
13
64
20
13
20
16
85
42
11
19
99
63
99
16
42
83
99
20
19
2
17
19
17
72
63
43
5
92
17
76
77
42
11
6
58
1
2
12
83
15
83
63
42
51
77
83
85
44
55
87
57
19
71
16
69
22
18
68
1
6
85
99
3
20
62
70
92
67
88
14
83
16
1
63
16
84
63
20
98
70
4
93
58
64
83
58
85
57
1
12
15
17
58
64
99
19
68
76
22
85
1
78
18
13
16
56
62
12
58
18
1
5
57
14
0
12
0
54
99
18
17
99
18
18
0
33
64
56
13
17
9
20
13
44
70
2
2
13
77
12
20
92
18
14
44
13
11
85
88
16
88
88
65
18
1
7
13
28
5
34
20
20
58
19
59
18
13
67
17
17
14
67
43
19
60
15
83
83
5
3
45
91
17
28
43
40
32
29
81
29
26
26
53
26
32
67
27
26
31
97
45
30
27
97
31
42
28
48
28
32
30
29
99
28
28
31
28
45
30
27
30
29
38
26
66
40
90
39
98
66
29
76
98
89
29
21
3
40
39
49
46
26
14
40
77
46
32
86
40
47
73
38
66
46
38
88
90
38
39
47
35
27
40
33
43
29
27
65
88
66
79
90
40
95
90
67
39
68
48
40
66
79
27
40
98
35
46
73
64
39
35
37
33
40
27
40
49
64
37
39
26
40
38
40
69
37
81
77
27
38
35
27
64
99
66
29
48
71
38
39
77
27
37
40
38
76
35
39
71
38
20
67
18
78
38
27
79
37
79
38
8
40
28
35
