6
82
6
61
77
44
32
6
82
82
20
6
44
82
40
28
97
82
82
30
70
61
6
6
6
75
70
55
82
96
99
6
82
55
61
6
82
6
82
86
82
6
67
28
70
69
43
82
6
82
79
6
22
67
97
24
6
97
6
29
66
86
99
70
22
55
75
6
97
75
22
75
23
6
82
75
6
82
6
97
73
68
32
84
82
6
97
23
86
6
32
6
82
82
73
55
6
6
6
97
6
75
97
16
97
70
6
82
6
77
30
82
6
97
61
97
82
82
30
82
82
82
44
6
82
82
30
96
82
82
71
70
23
82
16
82
96
75
81
73
81
23
68
82
97
19
97
82
82
82
81
82
82
82
75
22
97
36
6
70
6
82
97
82
82
20
82
6
82
6
6
6
82
82
79
32
6
44
97
22
73
61
66
20
6
82
28
32
6
75
82
82
28
99
82
82
6
6
82
82
55
97
6
69
97
82
96
6
82
55
82
79
6
55
28
6
82
82
67
6
84
79
82
82
29
6
1
97
55
97
73
6
28
82
67
79
58
97
86
97
6
82
70
97
70
82
28
65
82
82
6
75
20
6
28
82
82
82
37
6
82
82
97
30
74
70
77
61
88
97
82
68
67
37
20
29
82
82
28
82
22
82
6
22
86
22
22
70
24
6
6
28
82
28
97
82
97
68
82
82
61
81
81
20
97
82
82
28
29
70
61
82
19
30
6
97
70
72
82
36
82
20
6
77
70
82
32
79
22
82
82
61
61
20
82
96
74
28
6
97
82
66
55
73
61
81
6
97
82
20
88
67
6
6
6
23
72
36
32
82
23
22
25
6
20
82
77
75
6
61
36
75
82
68
6
32
82
75
67
32
6
81
6
6
67
82
31
6
6
6
43
71
82
6
6
36
61
82
84
58
82
6
86
82
82
6
32
6
82
81
86
6
6
28
6
88
6
70
6
6
19
67
29
96
36
6
67
6
97
82
82
75
67
55
6
97
36
6
55
20
79
67
82
82
86
97
68
6
75
82
71
82
73
36
82
61
6
6
6
44
28
97
97
67
55
82
82
6
75
6
70
97
28
73
82
82
96
69
82
82
82
97
61
82
23
70
69
97
97
82
82
6
82
6
82
52
82
70
72
71
29
6
82
82
32
97
6
96
6
6
70
22
61
22
28
61
6
37
73
75
82
29
70
6
82
6
6
66
82
82
82
96
82
82
6
28
82
70
55
6
61
57
74
82
25
6
96
97
6
71
70
79
32
82
82
75
6
82
82
82
6
82
97
6
6
82
6
22
28
36
20
6
82
6
98
96
6
6
36
6
82
6
82
82
6
97
6
97
82
61
70
30
55
86
61
6
6
6
97
6
82
6
36
97
96
6
6
32
70
82
97
6
79
97
97
70
82
20
82
6
75
29
97
77
97
32
82
82
6
82
79
71
82
82
84
6
6
6
6
22
31
6
82
82
68
81
36
6
37
81
97
82
82
6
82
6
82
82
23
97
36
70
6
82
82
6
6
6
20
82
97
36
22
82
82
43
6
58
82
30
25
82
82
30
82
82
32
55
61
6
61
6
96
82
82
6
82
36
6
82
82
6
6
82
70
6
44
82
82
82
6
97
6
67
82
82
6
24
82
6
71
28
97
96
22
82
96
6
82
82
82
6
6
82
79
82
69
6
73
82
30
96
82
82
6
86
67
99
6
82
29
16
29
97
6
6
82
82
99
97
77
61
77
6
82
70
82
97
77
6
82
6
82
6
82
82
6
58
82
6
36
55
6
61
6
22
82
6
30
73
61
61
82
82
30
82
81
79
70
6
6
82
77
22
75
86
6
32
6
82
75
6
6
6
82
82
86
82
82
36
82
28
70
36
82
67
55
82
6
6
6
82
55
96
6
70
30
28
6
73
77
6
6
6
97
82
6
82
82
82
32
6
82
88
34
77
67
6
84
67
6
22
82
82
50
82
97
36
6
98
82
82
70
82
28
67
20
28
37
6
61
66
79
59
70
70
82
73
77
81
6
82
28
79
6
84
6
6
82
6
6
22
6
28
82
82
96
22
22
6
20
75
79
70
55
82
23
82
75
82
32
82
82
96
32
6
97
67
82
16
61
93
6
97
82
82
81
6
20
6
97
82
97
73
6
30
30
75
77
6
6
97
6
81
61
36
55
70
61
16
6
61
55
55
31
97
82
6
6
32
82
82
6
82
82
6
82
82
6
82
32
30
6
97
28
55
36
32
71
82
6
82
70
6
36
36
22
82
82
6
