193
193
1
3
0
199
195
6
6
192
196
7
9
7
7
2
7
191
193
1
197
189
192
198
196
195
198
7
192
1
7
196
195
1
2
5
3
2
192
196
1
192
3
198
195
192
192
194
7
5
7
0
196
6
194
198
196
192
195
196
1
199
3
199
7
199
5
8
190
193
198
196
3
192
93
89
93
99
99
95
94
100
95
93
96
93
99
93
90
97
93
97
90
95
93
95
96
100
99
99
90
99
95
99
93
97
100
93
96
93
99
99
96
89
99
99
12
21
18
10
21
10
11
21
22
24
16
18
16
25
14
16
24
16
18
23
17
23
14
25
18
23
21
105
105
113
105
105
111
110
106
105
102
103
109
105
112
109
105
109
108
111
109
108
110
105
109
109
111
111
106
102
108
109
111
103
109
105
111
102
109
102
109
105
105
108
107
109
105
107
111
108
102
109
102
105
104
26
39
37
39
26
36
35
39
28
38
28
39
29
36
39
28
34
29
30
37
27
28
29
32
38
35
38
36
28
30
130
119
122
115
120
120
121
124
129
126
122
126
115
121
126
115
120
129
126
119
126
121
115
120
126
126
128
120
122
117
124
130
128
120
124
146
150
132
139
132
145
132
142
143
145
132
137
143
137
145
150
133
145
143
132
132
133
143
148
141
139
141
149
142
141
132
143
143
144
141
132
150
135
149
137
150
142
149
149
137
137
149
145
141
137
134
132
141
139
145
133
150
137
132
132
152
153
152
153
158
158
155
153
152
161
158
162
152
152
161
152
162
152
163
153
151
153
162
151
160
163
153
152
152
162
152
161
158
158
156
158
161
163
162
163
151
151
152
161
46
43
44
50
188
51
188
188
48
53
42
50
44
41
188
50
53
48
49
53
46
51
45
43
50
51
51
50
46
50
51
44
53
44
53
51
188
46
48
45
53
188
46
51
188
51
47
51
48
51
188
51
44
44
48
44
48
44
53
46
44
43
164
165
171
173
178
170
165
171
177
168
165
167
175
164
176
175
169
172
165
176
178
169
173
170
176
176
179
168
175
165
167
176
174
174
168
178
170
177
171
170
164
171
177
172
175
169
167
170
179
175
171
67
67
64
56
63
57
64
57
62
67
67
56
61
64
56
63
57
66
64
56
63
67
55
56
56
63
64
64
63
56
63
56
64
56
63
64
58
56
69
64
69
67
56
64
55
61
60
59
59
61
61
61
62
58
185
183
186
185
185
184
180
184
180
180
183
183
180
180
183
182
187
183
180
180
180
82
76
81
76
85
78
75
76
87
85
79
81
72
78
85
74
76
74
81
71
81
76
74
72
80
70
73
75
72
85
71
81
72
81
77
79
76
78
75
76
84
77
76
87
71
86
