179
161
88
188
199
100
93
111
111
163
188
46
24
9
9
46
9
64
64
152
44
49
161
6
111
30
111
199
152
188
131
17
122
64
111
53
108
40
93
46
179
47
44
108
171
197
111
188
179
179
40
188
185
88
77
98
108
111
179
105
6
105
34
100
188
9
133
49
98
9
179
99
136
64
111
46
122
46
133
9
53
188
47
188
179
188
100
105
161
40
53
64
9
9
97
105
179
95
179
9
6
188
98
129
188
179
20
9
46
6
113
111
161
90
161
111
9
93
134
161
93
100
188
188
90
38
188
100
163
54
188
53
53
179
179
100
53
141
98
161
38
111
111
64
163
111
46
112
187
185
64
58
122
93
179
24
188
185
53
188
142
9
20
161
9
122
64
64
98
49
40
98
46
108
161
152
188
6
111
81
111
179
152
90
100
108
52
179
122
38
54
188
100
20
120
29
105
53
53
152
100
111
197
163
53
34
20
49
100
64
179
108
6
98
161
185
88
163
176
188
53
161
71
9
24
111
112
179
64
188
161
111
178
111
24
108
49
163
34
108
111
48
188
71
111
179
20
111
46
9
64
64
111
20
49
133
47
53
111
179
9
130
186
44
188
40
131
98
136
108
53
53
38
49
122
188
98
111
111
199
179
150
161
81
88
100
111
24
179
150
111
150
6
9
112
108
64
46
179
129
188
46
95
46
46
111
53
138
161
179
129
97
49
129
64
40
179
46
100
161
188
111
161
53
53
161
188
161
6
199
93
178
112
179
171
179
97
111
53
81
188
188
33
111
100
145
188
9
145
179
111
20
161
179
34
188
34
197
46
197
95
138
161
194
150
120
163
188
179
64
199
111
29
9
64
129
108
111
88
53
6
30
53
197
179
188
179
9
111
20
138
9
99
179
53
108
161
20
34
9
108
9
9
9
49
197
98
98
111
100
100
188
34
188
6
20
188
77
53
178
163
98
33
64
179
64
52
108
161
98
33
53
198
47
179
98
20
111
71
197
188
98
64
40
111
161
189
108
99
120
105
112
189
100
163
188
9
64
111
111
188
53
112
188
38
53
20
97
112
64
179
98
199
98
161
108
150
105
178
53
47
64
100
199
111
100
111
111
161
179
120
179
38
179
188
40
152
9
105
199
120
179
111
179
9
161
113
100
53
33
178
98
97
46
9
46
129
161
100
111
20
64
161
47
113
64
58
179
93
163
111
122
133
185
40
71
105
188
98
112
179
100
152
98
179
100
93
0
100
188
33
33
42
54
98
64
152
53
111
161
76
179
98
179
185
111
64
188
179
179
53
188
20
41
133
47
131
34
129
100
100
90
138
111
9
129
100
179
108
111
111
98
129
98
9
179
108
113
98
129
