193
193
195
6
11
0
198
193
6
192
9
5
9
7
6
187
8
194
192
79
64
189
190
79
197
84
195
5
192
85
8
191
10
87
2
176
4
199
172
138
0
192
72
194
193
192
197
0
8
9
9
10
195
4
196
84
192
189
195
72
198
0
181
2
8
197
66
5
189
87
195
138
0
187
91
89
91
93
146
94
93
22
100
92
96
88
102
148
90
177
33
125
186
94
93
95
94
19
28
31
190
99
98
99
176
94
100
190
101
96
95
96
95
89
21
100
19
14
25
11
100
12
14
21
22
23
13
20
16
22
14
14
25
16
22
23
15
23
14
26
24
23
26
111
134
168
105
108
113
116
104
89
15
103
109
150
113
117
150
108
113
136
108
121
112
105
118
103
117
116
17
103
108
136
17
189
108
105
15
98
119
101
125
105
100
116
107
106
105
108
18
111
98
123
102
105
101
28
30
37
40
40
33
35
37
29
40
27
29
28
33
37
28
33
29
28
35
30
27
31
33
38
35
38
36
31
33
123
18
126
128
191
118
120
121
127
122
120
126
122
126
128
122
118
29
130
118
122
122
125
120
128
125
128
124
115
117
122
130
129
89
126
144
113
131
137
146
145
133
142
147
161
134
140
144
139
145
153
52
145
143
27
124
133
146
44
142
132
141
147
148
141
57
144
143
149
138
142
141
189
150
189
102
141
151
149
132
138
128
32
157
137
133
150
145
141
29
133
134
134
144
130
162
155
156
153
166
158
131
150
157
158
158
164
162
153
161
157
159
164
163
144
159
155
166
127
29
44
154
159
153
159
165
34
158
158
156
155
159
163
160
167
151
151
44
161
46
46
47
49
82
45
41
46
31
53
89
47
146
37
42
51
53
48
24
52
12
18
24
44
50
50
61
50
53
49
48
44
55
50
53
52
9
39
89
45
52
43
43
3
81
6
11
10
11
48
185
50
41
47
36
40
46
47
77
34
51
50
165
164
113
173
177
5
164
170
170
168
166
167
97
169
173
175
166
5
168
178
181
172
172
170
177
3
183
129
178
164
169
175
173
163
172
178
168
176
170
165
169
172
174
172
178
171
162
172
176
175
170
66
65
3
119
117
123
84
55
115
62
16
58
58
65
61
62
55
65
67
59
193
67
55
58
58
64
18
17
61
55
65
54
64
54
69
59
114
53
55
63
71
66
15
65
71
58
61
67
57
62
61
63
60
56
186
180
186
185
189
177
183
184
182
180
182
179
182
180
185
181
187
81
92
194
183
79
76
74
82
86
78
76
76
188
88
81
82
74
74
86
75
76
74
59
70
82
84
69
54
80
70
70
67
63
84
74
80
70
64
77
82
53
76
75
78
86
35
76
82
72
87
