199
152
137
79
81
34
20
17
110
46
79
163
20
76
74
47
18
64
68
155
146
49
153
6
165
161
111
6
152
79
152
8
123
20
140
162
197
37
45
45
179
44
146
199
168
198
113
46
93
93
40
79
185
185
78
44
199
125
179
150
6
199
39
19
46
11
53
6
142
76
192
44
171
79
199
155
119
95
58
9
52
40
47
185
179
185
21
152
161
62
5
64
76
13
179
107
175
94
33
76
6
188
76
53
79
93
17
14
146
53
92
150
157
88
161
88
8
93
152
155
194
175
79
79
88
77
42
140
158
63
199
48
53
179
92
21
58
44
139
157
77
120
17
197
163
123
48
170
187
187
62
61
120
46
168
16
82
162
53
79
146
13
18
129
86
122
78
197
99
44
44
105
44
108
171
147
186
49
167
81
112
182
152
118
175
119
49
179
122
39
50
152
22
68
67
145
44
49
71
150
22
13
81
46
64
163
20
50
174
20
175
199
5
146
157
81
85
46
5
74
53
159
74
5
145
110
160
179
79
75
166
111
6
196
145
199
49
163
179
121
112
48
79
54
18
182
22
174
44
7
74
67
122
64
52
131
47
52
112
179
68
61
40
44
78
44
126
157
152
199
53
58
77
53
40
143
142
108
20
5
179
147
159
78
42
100
116
145
182
152
165
148
4
77
171
199
64
77
17
161
188
95
46
45
179
18
5
138
32
182
123
172
54
152
17
122
31
47
196
152
44
118
152
152
71
159
188
152
6
199
197
175
162
93
166
179
175
17
3
81
77
81
31
17
24
44
78
76
143
171
108
22
159
179
161
71
34
64
46
194
12
133
162
199
160
67
46
185
64
20
119
17
29
17
64
155
108
17
85
176
6
145
71
199
34
38
6
6
122
64
196
10
189
26
53
119
161
20
155
10
199
76
9
76
45
198
142
54
111
64
16
188
27
185
4
196
80
80
78
53
162
99
27
64
29
197
49
119
142
196
179
54
79
46
179
76
20
16
78
189
44
140
64
122
125
156
187
111
47
198
152
171
189
100
157
77
78
59
116
162
42
166
57
77
35
53
20
175
58
20
179
47
199
157
161
199
148
152
53
54
46
20
135
108
125
137
17
109
163
172
120
33
77
3
38
77
53
79
150
2
77
179
116
92
76
128
54
49
131
161
176
78
95
46
74
39
58
157
21
137
20
199
157
44
167
54
61
5
187
174
108
124
52
26
122
77
152
185
46
185
93
97
151
47
93
46
20
67
21
86
39
77
198
57
142
59
152
130
122
163
78
179
139
161
171
17
64
45
183
176
54
82
62
44
52
49
152
161
161
100
176
20
196
52
76
126
103
168
1
123
134
103
56
146
78
184
150
185
105
52
