179
162
185
186
199
30
93
111
111
46
188
46
21
76
79
46
13
64
64
152
44
49
160
6
162
30
111
6
152
188
131
8
123
20
137
152
108
40
93
46
179
44
44
108
171
79
113
46
93
93
40
79
185
93
79
142
108
111
179
105
6
108
35
100
188
98
133
53
140
76
93
47
111
90
185
46
111
46
111
9
52
40
47
185
179
185
100
145
161
122
5
64
9
97
175
103
179
94
179
9
6
188
76
131
188
93
20
8
44
6
185
105
161
90
161
22
8
93
131
162
93
100
79
79
90
38
188
100
161
58
185
51
53
179
93
100
53
144
140
161
38
110
17
64
163
111
48
112
187
187
62
58
122
93
97
24
79
171
52
188
145
98
20
129
88
122
62
64
99
24
44
103
46
111
162
105
186
54
171
81
111
179
152
90
100
111
52
179
120
39
50
162
49
64
64
29
105
50
53
152
23
17
198
161
56
161
20
50
175
64
175
108
6
142
160
185
90
46
176
77
6
161
71
9
24
113
162
179
90
79
161
111
178
137
29
108
49
163
179
108
185
48
76
77
111
179
22
97
44
9
53
67
111
20
52
133
47
52
112
33
77
58
111
146
79
44
131
142
136
103
53
58
38
52
122
142
140
108
111
5
179
150
161
87
186
100
111
24
179
152
162
150
6
9
171
108
64
42
29
129
185
46
95
46
179
17
53
196
29
179
129
175
52
131
20
122
33
46
100
129
46
111
152
53
71
161
46
152
6
199
93
178
152
93
170
179
97
111
53
79
42
79
31
111
100
145
79
76
143
179
111
23
161
179
33
79
32
197
46
194
94
136
161
93
150
120
46
185
197
64
108
20
29
17
64
130
108
111
90
176
6
30
54
196
33
36
6
9
111
62
138
9
186
33
54
108
161
22
34
9
100
8
9
9
49
199
140
54
111
23
100
188
27
185
6
196
186
77
54
179
161
100
27
64
33
197
50
111
161
140
33
54
79
47
179
98
23
17
69
189
46
100
64
122
111
161
92
105
99
199
150
112
189
100
142
77
76
54
111
152
188
163
112
188
35
53
23
97
112
20
179
98
196
140
161
107
152
150
6
54
47
64
135
199
111
137
111
111
161
179
120
33
38
179
36
40
152
76
105
199
120
179
111
93
9
161
188
24
131
34
178
76
97
46
6
46
58
160
100
137
23
197
161
47
163
64
58
5
194
178
108
111
133
26
122
77
150
185
98
113
96
95
152
96
188
100
90
62
100
188
34
35
199
54
142
64
152
58
111
161
76
33
136
29
46
111
64
188
179
179
51
188
20
44
133
47
131
161
161
100
97
90
138
136
98
129
100
174
199
111
134
100
53
142
9
93
110
185
98
161
